file_system num_job first_bandwidth(MiB/s) second_bandwidth(MiB/s) second_cmp_lat(ns) second_fp_lat(ns) second_prefetch_lat(ns) second_lookup_lat(ns) second_others_lat(ns) second_lat(ns)
Naive 1 871 690 10928657297 1065174819 0 728192839 2678926403 15400951359
Naive 2 1457 1251 11461703861 1097733318 0 731979528 2768862818 16060279526
Naive 4 1710 2175 11869449218 1122406666 0 739680543 2924267427 16655803855
Naive 8 1844 3334 13097379434 1271757453 0 775234971 3446964413 18591336273
Naive 16 1243 3751 25901820312 1418783648 0 831482629 4779805201 32931891790
Prefetch-Cmp-64 1 1067 875 6658168834 1062286529 0 732547156 2846126369 11299128890
Prefetch-Cmp-64 2 1486 1571 6854738973 1099504720 0 734172720 2996790485 11685206899
Prefetch-Cmp-64 4 1770 2644 7128612060 1137100019 0 737000693 3251105383 12253818157
Prefetch-Cmp-64 8 1798 3620 9816811461 1252889725 0 780922491 4172047793 16022671471
Prefetch-Cmp-64 16 1231 3622 21037383903 1421295122 0 1248784430 8675333894 32382797350
Prefetch-Cmp-256-64 1 1080 996 5090708046 1057481252 0 737106719 2538432676 9423728694
Prefetch-Cmp-256-64 2 1498 1778 5268272129 1085876124 0 735170758 2601163838 9690482851
Prefetch-Cmp-256-64 4 1777 2912 5718739120 1108743377 0 734223282 2832207111 10393912891
Prefetch-Cmp-256-64 8 1781 3249 13624084131 1257696064 0 788889236 3886078830 19556748261
Prefetch-Cmp-256-64 16 1233 2655 38407296281 1408921456 0 1857847539 10156362438 51830427715
Prefetch-Current 1 1158 1110 3678978464 1060921334 386813397 780698636 2144760760 8052172593
Prefetch-Current 2 1560 1948 3825273781 1096756403 411591655 799301612 2224214931 8357138383
Prefetch-Current 4 1790 3120 4218410896 1105232971 580580337 864143857 2393803774 9162171838
Prefetch-Current 8 1774 3439 10451037425 1263393415 1601412566 1331337795 3072962104 17720143306
Prefetch-Current 16 1222 2602 32874925007 1415334097 5094704834 3471124402 8150685181 51006773521
Speculation 1 1073 1265 5022573233 44422814 0 48182225 1431733557 6546911831
Speculation 2 1516 2201 5190880089 45543604 0 48497959 1486268319 6771189973
Speculation 4 1778 3303 6422364200 46650030 0 47766096 1634157514 8150937842
Speculation 8 1781 3475 15058145082 52448570 0 49556053 2110261683 17270411389
Speculation 16 1230 2591 47062947804 57799837 0 114843825 3911625209 51147216676
Prefetch-Next 1 1077 1331 3926533915 44927613 524481339 48962093 1435358198 5980263158
Prefetch-Next 2 1522 2302 4073088693 45998637 532145022 48168751 1502027528 6201428632
Prefetch-Next 4 1777 3404 5102415553 46138431 681726735 47785468 1806142226 7684208415
Prefetch-Next 8 1781 3127 15363202277 52819346 3410133648 50155829 1721917841 20598228943
Prefetch-Next 16 1231 2525 42784707034 58108360 8973203203 125250374 1568519577 53509788549
