file_system file_size read write time
Volatile-FP 128 72116736256 69920282368 45669.848000
Region-based 128 73781127680 70945596928 47621.273000
Fine-grained 128 81244909568 74654834176 57470.439000
Volatile-FP 128 71936032512 69853157888 45702.423000
Region-based 128 74133739008 71077289728 49418.647000
Fine-grained 128 81196724736 74641338624 57035.556000
Volatile-FP 128 72042108672 69898249984 45140.967000
Region-based 128 73770816768 70946287616 47430.371000
Fine-grained 128 81519671552 74768436992 58488.761000
Volatile-FP 128 71739449600 69785243392 43302.505000
Region-based 128 74314516992 71134971136 50479.959000
Fine-grained 128 81208215808 74646606848 57340.869000
Volatile-FP 128 71826862848 69822716416 43978.794000
Region-based 128 73990466048 71016272384 48987.864000
Fine-grained 128 81195944192 74642807296 57042.858000
