file_system file_size read write time
Volatile-FP 128 140661315072 138555786240 70644.147000
Region-based 128 143954330112 140805309440 75101.309000
Fine-grained 128 144171151104 140881971968 76014.059000
Volatile-FP 128 140788731392 138605676800 70875.603000
Region-based 128 144318992896 140937975552 77175.331000
Fine-grained 128 144224348160 140902436096 76451.987000
Volatile-FP 128 140689460736 138575993856 69979.812000
Region-based 128 144121528064 140867393792 76180.186000
Fine-grained 128 144412368640 140971527424 76485.944000
Volatile-FP 128 140541944832 138523905280 69311.314000
Region-based 128 144727588352 141065446656 81836.955000
Fine-grained 128 144479381248 140984433664 80906.164000
Volatile-FP 128 140689185280 138568969472 69889.238000
Region-based 128 143989328128 140817385984 76062.271000
Fine-grained 128 143929865472 140797504000 75213.756000
