file_system num_job first_bandwidth(MiB/s) second_bandwidth(MiB/s) second_cmp_lat(ns) second_fp_lat(ns) second_prefetch_lat(ns) second_lookup_lat(ns) second_others_lat(ns) second_lat(ns)
Naive 1 900 679 10556357149 1401715324 0 739122977 3040345399 15737540849
Naive 2 1326 1231 10800027316 1526113564 0 765495688 3304331617 16395968185
Naive 4 1641 2113 11136243780 1871958250 0 790192006 3535625526 17334019562
Naive 8 1827 3145 12303161861 3082193246 0 862797314 4351793054 20599945475
Naive 16 1288 3757 21563193958 4049909630 0 947264519 5741152123 32301520230
Prefetch-Cmp-64 1 918 848 5676254025 1433218818 0 759487651 3847305152 11716265646
Prefetch-Cmp-64 2 1340 1511 5889247472 1554661875 0 775224768 4107127809 12326261924
Prefetch-Cmp-64 4 1692 2509 6183693893 1940107077 0 793190777 4394618644 13311610391
Prefetch-Cmp-64 8 1786 3389 8507035905 3132221615 0 888037412 5355053788 17882348720
Prefetch-Cmp-64 16 1273 3665 17506693695 5232494750 0 1241210475 8504601618 32485000538
Prefetch-Cmp-256-64 1 923 910 4390454269 1488334598 0 761574794 3960941968 10601305629
Prefetch-Cmp-256-64 2 1326 1616 4584674871 1583965953 0 768899469 4219696281 11157236574
Prefetch-Cmp-256-64 4 1680 2641 5055214301 1895419876 0 793719889 4494750083 12239104149
Prefetch-Cmp-256-64 8 1770 3228 10025214595 3080644986 0 886695366 5539179175 19531734122
Prefetch-Cmp-256-64 16 1276 2884 28742959962 6943908049 0 1617174418 10573420391 47877462820
Prefetch-Current 1 1004 1130 2953188152 1584587620 123395161 768637875 2343161139 7772969947
Prefetch-Current 2 1380 1951 3082087033 1756265551 121668355 787343705 2593204238 8340568882
Prefetch-Current 4 1684 2985 3759509205 2163481703 186596365 895138737 2852887685 9857613695
Prefetch-Current 8 1770 3307 9576645377 3531753241 643928153 1257159507 3679405450 18688891728
Prefetch-Current 16 1267 2611 30488004457 11428662799 1723381927 2893124710 6804149685 53337323578
Speculation 1 930 1171 5010264298 46545017 0 49092577 2251208438 7357110330
Speculation 2 1349 2003 5298557974 49925841 0 50057183 2521787018 7920328016
Speculation 4 1676 3032 6734545889 56260074 0 50195597 2769128223 9610129783
Speculation 8 1765 3441 13708567957 62306859 0 53345473 3545659083 17369879372
Speculation 16 1271 2591 45741487178 107730927 0 116926985 7135182111 53101327201
Prefetch-Next 1 926 1250 3829518846 45693188 526645444 50431915 2197206967 6649496360
Prefetch-Next 2 1352 2093 4201892751 49357439 540344016 50952674 2456791777 7299338657
Prefetch-Next 4 1674 3145 5304220110 52464337 687756026 50633206 2849525717 8944599396
Prefetch-Next 8 1758 3167 13939351178 64052866 2838046258 53560238 3136303557 20031314097
Prefetch-Next 16 1272 2463 43365832229 114856754 8624034986 124641943 4915935354 57145301266
