file_system num_job first_bandwidth(MiB/s) second_bandwidth(MiB/s) second_cmp_lat(ns) second_fp_lat(ns) second_prefetch_lat(ns) second_lookup_lat(ns) second_others_lat(ns) second_lat(ns)
Naive 1 1024 685 11023966871 1053590997 0 794536421 2681883616 15553977905
Naive 2 1457 1254 11426497463 1091784216 0 785585443 2736087414 16039954536
Naive 4 1705 2171 11840724723 1130081505 0 791084969 2899226298 16661117495
Naive 8 1835 3356 13176197092 1239954727 0 827119589 3392890551 18636161959
Naive 16 1242 3726 25965289266 1416555204 0 891889319 4756611181 33030344970
Prefetch-Cmp-64 1 1059 869 6647757739 1058680366 0 791558797 2859004407 11357001309
Prefetch-Cmp-64 2 1489 1569 6867152880 1102823691 0 779444197 2986334444 11735755212
Prefetch-Cmp-64 4 1768 2652 7111940050 1113643166 0 785069917 3221108432 12231761565
Prefetch-Cmp-64 8 1789 3636 9762637835 1255654309 0 833843214 4185846791 16037982149
Prefetch-Cmp-64 16 1230 3705 20294858289 1415590990 0 1273943665 8308896784 31293289728
Prefetch-Cmp-256-64 1 1062 992 5072581795 1048331480 0 791381037 2537439933 9449734245
Prefetch-Cmp-256-64 2 1512 1763 5283335190 1084624434 0 786238548 2600019978 9754218150
Prefetch-Cmp-256-64 4 1777 2908 5713675202 1097092052 0 787786029 2853086885 10451640168
Prefetch-Cmp-256-64 8 1775 3267 13320820466 1309822421 0 843625394 3902500432 19376768713
Prefetch-Cmp-256-64 16 1236 2652 38380752349 1409475788 0 1973030846 10090627600 51853886583
Prefetch-Current 1 1149 1105 3641719008 1044008351 399985506 831140171 2159490021 8076343057
Prefetch-Current 2 1556 1935 3835205946 1103251222 408700001 858827565 2241419176 8447403910
Prefetch-Current 4 1784 3116 4210916845 1127396183 542233243 907700142 2422937033 9211183446
Prefetch-Current 8 1772 3432 10333696526 1285040000 1548709315 1380754170 3091131768 17639331779
Prefetch-Current 16 1224 2646 32727747792 1409991997 5053033833 3579126718 7901252479 50671152819
Speculation 1 1076 1257 5041200395 45089363 0 52019642 1440603937 6578913337
Speculation 2 1501 2188 5219719176 45285156 0 51388551 1501183952 6817576835
Speculation 4 1779 3299 6400880239 47749895 0 51320568 1651877092 8151827794
Speculation 8 1782 3504 14912922148 54153255 0 53669490 2134988101 17155732994
Speculation 16 1230 2657 46178258862 57860679 0 122389269 3904289565 50262798375
Prefetch-Next 1 1095 1308 4227405062 43289677 530980396 50735208 1323175177 6175585520
Prefetch-Next 2 1519 2258 4410177989 45147489 538106482 51165843 1385503818 6430101621
Prefetch-Next 4 1777 3373 5429910592 47708153 688599158 51644744 1624647953 7842510600
Prefetch-Next 8 1779 3197 15109146047 52934283 3220929416 53844862 1518573515 19955428123
Prefetch-Next 16 1238 2566 41818771784 57731564 8730672070 126614324 1326094529 52059884271
