file_system dup_rate num_job tail50 tail60 tail70 tail80 tail90 tail95 tail99 tail995 tail999 tail9995 tail9999
Light-Dedup 0 1 4384 4448 4576 4768 5216 5856 7712 8160 15040 20096 21888
Light-Dedup(SHA256) 0 1 13888 14016 14144 14400 15168 16064 18048 21120 30336 31360 34048
NV-Dedup 0 1 4192 4320 4512 4768 5216 5664 6880 7456 21888 22400 24192
NOVA 0 1 3696 3824 3952 4192 5024 6048 6816 7136 13888 19328 21632
Light-Dedup 0 1 4384 4512 4640 4832 5344 5920 7776 8256 16064 20352 22144
Light-Dedup(SHA256) 0 1 13888 14016 14272 14528 15424 16192 18560 24192 30592 31616 35584
NV-Dedup 0 1 4192 4384 4576 4832 5280 5728 7008 7584 22144 22656 24192
NOVA 0 1 3664 3760 3888 4048 4512 5344 6560 6944 14272 19328 21120
Light-Dedup 0 1 4384 4512 4640 4832 5344 5984 7904 8384 16768 20608 22656
Light-Dedup(SHA256) 0 1 14016 14144 14400 14656 15808 16512 18816 24448 30848 31872 34560
NV-Dedup 0 1 4192 4320 4512 4768 5216 5728 7008 7584 21888 22656 24448
NOVA 0 1 3696 3792 3952 4192 4832 5856 6752 7072 15552 19584 21888
Light-Dedup 0 1 4384 4512 4640 4832 5280 5856 7712 8256 16512 20352 22144
Light-Dedup(SHA256) 0 1 14016 14144 14400 14656 15808 16512 18816 24448 30848 31872 34560
NV-Dedup 0 1 4192 4320 4512 4768 5216 5664 6944 7456 21888 22400 24192
NOVA 0 1 3664 3792 3920 4128 4832 5920 6752 7072 15040 19584 21888
Light-Dedup 0 1 4384 4512 4576 4768 5280 5856 7776 8256 15296 20352 21888
Light-Dedup(SHA256) 0 1 13888 14016 14272 14528 15552 16320 18304 22656 30592 31616 34048
NV-Dedup 0 1 4192 4320 4512 4768 5216 5600 6880 7456 21888 22400 24192
NOVA 0 1 3696 3792 3920 4080 4640 5664 6688 7008 14272 19328 21632
