file_system num_job first_bandwidth(MiB/s) second_bandwidth(MiB/s) second_cmp_lat(ns) second_fp_lat(ns) second_prefetch_lat(ns) second_lookup_lat(ns) second_copy_user(ns) second_others_lat(ns) second_lat(ns)
Naive 1 1038 708 10508180039 1482669342 0 796737198 821136757 1198305849 14807029185
Prefetch-Cmp-64 1 1067 948 5719486970 1431487417 0 803095887 802522887 1236334521 9992927682
Prefetch-Cmp-256-64 1 1059 1023 4418261747 1431251003 0 787750650 793918370 1551215106 8982396876
Prefetch-Current 1 1080 1100 3002944119 1654127178 124042155 818286648 824775987 1583149450 8007325537
Speculation 1 1072 1156 5090991558 49722768 0 55124687 817952668 1405633787 7419425468
Prefetch-Next 1 1072 1237 3857353835 47721299 524795458 52270843 793479350 1407133156 6682753941
No-Protect 1 1129 1343 3877415933 47362053 524101370 50441829 17386570 1354127365 5870835120
Naive 1 1038 701 10669994412 1473960352 0 805589385 825581385 1211234015 14986359549
Prefetch-Cmp-64 1 1063 947 5738691647 1462936761 0 792070213 804333712 1236283547 10034315880
Prefetch-Cmp-256-64 1 1059 1014 4442675125 1450187016 0 810712614 800170031 1548542937 9052287723
Prefetch-Current 1 1078 1102 3000689393 1634212520 122577449 838678501 799472618 1584683811 7980314292
Speculation 1 1054 1146 5139328257 50432746 0 54032768 813738352 1426141911 7483674034
Prefetch-Next 1 1062 1216 3913539387 47926671 529068704 51618368 825002821 1423764280 6790920231
No-Protect 1 1131 1349 3849622913 49872075 525216180 49606286 17718220 1357540901 5849576575
Naive 1 1037 713 10532901110 1406731988 0 792021780 788297540 1192103337 14712055755
Prefetch-Cmp-64 1 1061 954 5723592202 1403224182 0 793948483 783424126 1233179833 9937368826
Prefetch-Cmp-256-64 1 1060 1020 4432125882 1431816594 0 791479781 794688116 1548335114 8998445487
Prefetch-Current 1 1082 1099 3004807154 1656615836 123640315 820849423 809057587 1583136873 7998107188
Speculation 1 1069 1176 5024878815 49300696 0 52037311 778248843 1395151509 7299617174
Prefetch-Next 1 1067 1229 3890509566 46545445 528961004 52154355 817620264 1412322853 6748113487
No-Protect 1 1115 1345 3871432086 47584205 523138916 50287512 18017617 1364937665 5875398001
Naive 1 1036 703 10647397349 1483384011 0 803617054 807396471 1203397079 14945191964
Prefetch-Cmp-64 1 1057 940 5734489590 1477973302 0 815198842 812958796 1244413904 10085034434
Prefetch-Cmp-256-64 1 1068 1009 4437564498 1484875310 0 804629565 811929920 1550727417 9089726710
Prefetch-Current 1 1074 1108 2995013303 1613087019 123287569 824870546 799601501 1566003967 7921863905
Speculation 1 1069 1164 5058323604 49405504 0 52067721 799098611 1402565268 7361460708
Prefetch-Next 1 1070 1232 3887968216 47331079 536663640 50091692 804060362 1407470069 6733585058
No-Protect 1 1113 1339 3885274283 47926786 523565678 51403482 17954750 1351930469 5878055448
Naive 1 1041 704 10659943141 1462064827 0 801268834 814081042 1189698862 14927056706
Prefetch-Cmp-64 1 1053 949 5721565670 1433153205 0 802180984 792412025 1235592255 9984904139
Prefetch-Cmp-256-64 1 1064 1018 4420546510 1432983240 0 800267697 801251760 1551883932 9006933139
Prefetch-Current 1 1079 1116 2986925477 1595782053 123337504 805258492 788798998 1572506499 7872609023
Speculation 1 1071 1164 5056741774 49734590 0 51926745 793794111 1393409975 7345607195
Prefetch-Next 1 1067 1238 3845043031 46160938 525411854 51933929 791418383 1403857399 6663825534
No-Protect 1 1115 1344 3872044505 47750005 523865782 50210583 18034154 1352079364 5863984393
