file_system num_job first_bandwidth(MiB/s) second_bandwidth(MiB/s) second_cmp_lat(ns) second_fp_lat(ns) second_prefetch_lat(ns) second_lookup_lat(ns) second_others_lat(ns) second_lat(ns)
Naive 1 182 681 10893685012 1055615006 0 686083082 2771772467 15407155567
Naive 2 1459 1254 11461937225 1080961021 0 692659590 2832214796 16067772632
Naive 4 1714 2181 11901134390 1114076468 0 708598602 2925467792 16649277252
Naive 8 1842 3331 13018534033 1268745044 0 749748984 3491132999 18528161060
Naive 16 1244 3695 26672489312 1417322481 0 797363276 4813880895 33701055964
Prefetch-Cmp-64 1 1063 879 6636024354 1050369702 0 710398208 2834321123 11231113387
Prefetch-Cmp-64 2 1483 1580 6844365717 1089064579 0 716085511 2984430050 11633945857
Prefetch-Cmp-64 4 1775 2631 7163144593 1150838293 0 728425782 3280352830 12322761498
Prefetch-Cmp-64 8 1801 3655 9867153804 1215822475 0 757711093 4139711191 15980398563
Prefetch-Cmp-64 16 1235 3616 21406655259 1418616195 0 1248456304 8822449295 32896177053
Prefetch-Cmp-256-64 1 1078 997 5098667488 1056344653 0 723793099 2541439694 9420244934
Prefetch-Cmp-256-64 2 1481 1777 5270546335 1089235476 0 722909143 2609594516 9692285470
Prefetch-Cmp-256-64 4 1777 2927 5702195430 1094534808 0 727949367 2823632947 10348312552
Prefetch-Cmp-256-64 8 1779 3243 13800638831 1203406788 0 776013085 3843803170 19623861874
Prefetch-Cmp-256-64 16 1234 2591 39468281490 1409191305 0 1925760765 10598709081 53401942641
Prefetch-Current 1 1160 1104 3687827432 1064587200 385980925 782323185 2157480142 8078198884
Prefetch-Current 2 1561 1951 3813933848 1090034641 419032166 791073598 2211926118 8326000371
Prefetch-Current 4 1784 3116 4239450372 1115943302 570602969 860784858 2419575710 9206357211
Prefetch-Current 8 1775 3441 10381989405 1291060943 1556680455 1321430491 3107089493 17658250787
Prefetch-Current 16 1222 2641 33013695559 1412035134 5090105629 3466024703 7859653590 50841514615
Speculation 1 1083 1254 5037744814 45586761 0 49020413 1443276053 6575628041
Speculation 2 1518 2185 5223938838 47310176 0 50680106 1502733092 6824662212
Speculation 4 1775 3331 6394139336 45782924 0 47210402 1623378163 8110510825
Speculation 8 1775 3468 15174763873 51732835 0 49274350 2106387351 17382158409
Speculation 16 1240 2606 47759374644 57913296 0 116677640 3960521190 51894486770
Prefetch-Next 1 1078 1345 3887894030 44185423 527244138 49410249 1413356635 5922090475
Prefetch-Next 2 1533 2304 4063836026 45352771 530455340 48264770 1499912400 6187821307
Prefetch-Next 4 1772 3389 5118510470 46014223 681242656 47370628 1817113692 7710251669
Prefetch-Next 8 1782 3138 15256505541 52376519 3377600012 49826983 1748752236 20485061291
Prefetch-Next 16 1226 2509 43018110722 58285297 9037672778 124843736 1572105228 53811017761
Naive 1 1040 691 10941704892 1081650182 0 747920863 2678155392 15449431329
Naive 2 1460 1251 11436868711 1113284301 0 741396191 2761032646 16052581849
Naive 4 1705 2164 11949611420 1127240820 0 745699222 2939743461 16762294923
Naive 8 1847 3339 13149335151 1244805106 0 775900331 3402760866 18572801454
Naive 16 1242 3685 26702623184 1423771964 0 839666067 4742657480 33708718695
Prefetch-Cmp-64 1 1069 877 6653564513 1058349355 0 732163002 2830307702 11274384572
Prefetch-Cmp-64 2 1473 1569 6862169946 1109411292 0 731665618 2994300484 11697547340
Prefetch-Cmp-64 4 1775 2652 7130582223 1144614603 0 737486901 3252451002 12265134729
Prefetch-Cmp-64 8 1801 3616 9826155790 1244570110 0 782672387 4165365087 16018763374
Prefetch-Cmp-64 16 1226 3550 21612014446 1427420688 0 1290687102 8924481875 33254604111
Prefetch-Cmp-256-64 1 1083 995 5103535658 1060630374 0 731707449 2542371030 9438244511
Prefetch-Cmp-256-64 2 1502 1779 5285726893 1095481534 0 737754189 2607241235 9726203851
Prefetch-Cmp-256-64 4 1772 2896 5752912128 1125680394 0 738860841 2848660236 10466113599
Prefetch-Cmp-256-64 8 1782 3243 13747611492 1279722280 0 789972051 3910661228 19727967051
Prefetch-Cmp-256-64 16 1234 2699 37787126714 1408764904 0 1799489822 9894314365 50889695805
Prefetch-Current 1 1161 1105 3689441032 1063347933 381520353 784932551 2162222541 8081464410
Prefetch-Current 2 1545 1948 3825215623 1094398968 410817605 800664604 2221299620 8352396420
Prefetch-Current 4 1793 3109 4235686976 1109696147 583533098 866274444 2401913415 9197104080
Prefetch-Current 8 1772 3441 10417463344 1277112554 1574839220 1328944266 3083094482 17681453866
Prefetch-Current 16 1231 2662 32859577571 1410165660 5050766562 3459160904 7895322719 50674993416
Speculation 1 1064 1279 4976715590 43383257 0 46936986 1413630419 6480666252
Speculation 2 1507 2210 5184336986 45015638 0 47826832 1482098204 6759277660
Speculation 4 1777 3299 6408225358 45813177 0 47899873 1625220495 8127158903
Speculation 8 1784 3477 15090576167 52314914 0 49416005 2104200515 17296507601
Speculation 16 1235 2652 46385372949 57862598 0 116538810 3923673931 50483448288
Prefetch-Next 1 1098 1329 3939086305 44936999 530644810 49486546 1429719414 5993874074
Prefetch-Next 2 1531 2296 4104388300 45907436 536387668 48182007 1497822650 6232688061
Prefetch-Next 4 1777 3398 5110602543 46383891 678477554 47746037 1815835915 7699045940
Prefetch-Next 8 1775 3145 15207464544 52745123 3360684656 50128518 1750240809 20421263650
Prefetch-Next 16 1234 2486 44106667511 58421577 9118865520 127330787 1491757358 54903042753
Naive 1 1044 690 10995289272 1059657247 0 731192250 2670621594 15456760363
Naive 2 1463 1250 11438262061 1089712199 0 745764733 2751148580 16024887573
Naive 4 1723 2188 11789551807 1127016753 0 740192093 2893445412 16550206065
Naive 8 1850 3348 13158828296 1268774419 0 782258170 3429589391 18639450276
Naive 16 1250 3715 26571803060 1417722160 0 841631109 4874987075 33706143404
Prefetch-Cmp-64 1 1062 872 6687699041 1068474027 0 734395658 2857443526 11348012252
Prefetch-Cmp-64 2 1476 1572 6852070731 1095745854 0 737936915 2998609907 11684363407
Prefetch-Cmp-64 4 1763 2641 7133574541 1139266619 0 737854452 3243611603 12254307215
Prefetch-Cmp-64 8 1798 3626 9778570869 1271309170 0 780451953 4167717146 15998049138
Prefetch-Cmp-64 16 1227 3606 21346261555 1421365489 0 1276638233 8836250091 32880515368
Prefetch-Cmp-256-64 1 1080 994 5099886067 1061586552 0 739039632 2540554828 9441067079
Prefetch-Cmp-256-64 2 1499 1784 5268125443 1082338822 0 737770953 2589672569 9677907787
Prefetch-Cmp-256-64 4 1779 2927 5694361424 1094391555 0 731369270 2816266310 10336388559
Prefetch-Cmp-256-64 8 1786 3259 13541043771 1283066732 0 791053448 3909481812 19524645763
Prefetch-Cmp-256-64 16 1234 2705 37617384000 1409070365 0 1787045533 9890455439 50703955337
Prefetch-Current 1 1148 1105 3696272677 1066616877 379514688 785388832 2153466174 8081259248
Prefetch-Current 2 1576 1960 3827711462 1102867393 402140014 796225906 2208362338 8337307113
Prefetch-Current 4 1796 3138 4194391556 1093191076 586530765 864965278 2374244280 9113322955
Prefetch-Current 8 1779 3415 10688055039 1280754064 1621528973 1347459456 3062827716 18000625248
Prefetch-Current 16 1227 2611 33560304845 1411626617 5193108174 3565845355 8118932541 51849817532
Speculation 1 1075 1267 5030288756 43881772 0 48035058 1432332840 6554538426
Speculation 2 1523 2221 5161537258 44661692 0 48076587 1469930304 6724205841
Speculation 4 1791 3307 6465177977 47274460 0 48117945 1640309937 8200880319
Speculation 8 1782 3468 15080544192 52083009 0 49587825 2111431669 17293646695
Speculation 16 1235 2641 46359951589 57834631 0 116274357 3916168339 50450228916
Prefetch-Next 1 1060 1337 3897821566 45571883 522441180 48563902 1429466671 5943865202
Prefetch-Next 2 1531 2300 4085760918 45871123 532414448 47913934 1496419853 6208380276
Prefetch-Next 4 1777 3398 5112626990 46452074 678198100 47999441 1804025382 7689301987
Prefetch-Next 8 1782 3123 15561550305 53010837 3465284388 50316276 1687168403 20817330209
Prefetch-Next 16 1235 2556 41738422781 57968925 8839980164 124077467 1618143012 52378592349
Naive 1 1048 694 10939617248 1066960503 0 735777782 2638077530 15380433063
Naive 2 1449 1248 11507255729 1097521724 0 737425026 2753790252 16095992731
Naive 4 1707 2178 11843526696 1112502838 0 748217626 2925707617 16629954777
Naive 8 1842 3348 12983467373 1281178980 0 783555934 3428705590 18476907877
Naive 16 1238 3799 25105580567 1420894432 0 840978819 4704855734 32072309552
Prefetch-Cmp-64 1 1068 876 6647151288 1062465010 0 739901694 2849003848 11298521840
Prefetch-Cmp-64 2 1494 1569 6855945161 1104273740 0 740410876 2992434495 11693064272
Prefetch-Cmp-64 4 1772 2667 7084223474 1123071067 0 738433684 3240871858 12186600083
Prefetch-Cmp-64 8 1798 3597 9782550820 1290588671 0 798169837 4215575454 16086884782
Prefetch-Cmp-64 16 1230 3726 20277805810 1417671433 0 1206681108 8315666419 31217824770
Prefetch-Cmp-256-64 1 1078 1001 5066188884 1048234160 0 749569940 2522607956 9386600940
Prefetch-Cmp-256-64 2 1497 1782 5243687506 1069641114 0 732755636 2580490765 9626575021
Prefetch-Cmp-256-64 4 1782 2896 5728175950 1116898885 0 735693904 2840678606 10421447345
Prefetch-Cmp-256-64 8 1777 3267 13464138740 1258160987 0 792861784 3882956136 19398117647
Prefetch-Cmp-256-64 16 1230 2586 39460833198 1408940946 0 1965879620 10517051291 53352705055
Prefetch-Current 1 1164 1121 3650083330 1049174110 398388524 775561960 2122975073 7996182997
Prefetch-Current 2 1561 1946 3825350396 1098709186 410165103 804759152 2240516742 8379500579
Prefetch-Current 4 1798 3123 4208827998 1096215063 593083294 871466438 2370463311 9140056104
Prefetch-Current 8 1770 3432 10478912279 1208735890 1670585922 1331108857 3031064606 17720407554
Prefetch-Current 16 1229 2652 32848291780 1410594546 5063406170 3473340591 7862136480 50657769567
Speculation 1 1089 1268 5022765130 44438222 0 47487067 1421412981 6536103400
Speculation 2 1526 2206 5196474662 44912921 0 47886617 1486502503 6775776703
Speculation 4 1777 3307 6427697986 45783010 0 47695954 1637937157 8159114107
Speculation 8 1784 3486 14995239252 52746254 0 49598607 2112691665 17210275778
Speculation 16 1237 2509 50198491961 57929446 0 119308283 3967231934 54342961624
Prefetch-Next 1 1070 1336 3914037705 43869516 520703646 48051514 1426262512 5952924893
Prefetch-Next 2 1497 2312 4049483347 47108576 532082910 48700147 1505584454 6182959434
Prefetch-Next 4 1782 3415 5085536782 46138991 686113604 47923853 1799083861 7664797091
Prefetch-Next 8 1782 3152 15221368243 53395196 3364526280 50183401 1731382460 20420855580
Prefetch-Next 16 1236 2518 42984446257 58118825 8991451700 124295877 1593294626 53751607285
Naive 1 1042 695 10872990063 1061991157 0 739990221 2636005033 15310976474
Naive 2 1457 1254 11464195581 1107187348 0 742652101 2746127817 16060162847
Naive 4 1705 2164 11863421778 1131196454 0 755695174 2936972853 16687286259
Naive 8 1842 3307 13176732321 1295283720 0 784711438 3482633223 18739360702
Naive 16 1242 3864 24456605438 1414207203 0 837773875 4762644821 31471231337
Prefetch-Cmp-64 1 1073 871 6666404978 1071774554 0 745877221 2859555650 11343612403
Prefetch-Cmp-64 2 1504 1569 6859143311 1099028136 0 744764681 3014177492 11717113620
Prefetch-Cmp-64 4 1768 2631 7131535470 1127709516 0 742802649 3238239625 12240287260
Prefetch-Cmp-64 8 1796 3606 9829626024 1242158199 0 785607187 4171870089 16029261499
Prefetch-Cmp-64 16 1237 3616 20544182447 1421401807 0 1221459406 8477821790 31664865450
Prefetch-Cmp-256-64 1 1085 995 5085262133 1060610523 0 741423475 2545189876 9432486007
Prefetch-Cmp-256-64 2 1514 1772 5273274472 1092683677 0 744663870 2618820108 9729442127
Prefetch-Cmp-256-64 4 1779 2915 5716050668 1112211247 0 737243030 2831797456 10397302401
Prefetch-Cmp-256-64 8 1782 3235 13566987824 1264123534 0 794545812 3883491804 19509148974
Prefetch-Cmp-256-64 16 1234 2694 37702856005 1408639761 0 1811061955 9881282017 50803839738
Prefetch-Current 1 1160 1115 3671267853 1060880551 388662497 775286655 2127659872 8023757428
Prefetch-Current 2 1561 1935 3834157579 1097771830 415803387 803784800 2238969839 8390487435
Prefetch-Current 4 1779 3116 4213697580 1111119270 569151562 857228271 2402822158 9154018841
Prefetch-Current 8 1777 3468 10288767058 1259303626 1583428263 1327745907 3080734223 17539979077
Prefetch-Current 16 1203 2445 32092755280 1432248532 5076137635 3391250457 9017380575 51009772479
Speculation 1 1056 1258 5045351876 44824062 0 49431605 1448015496 6587623039
Speculation 2 1509 2185 5188112705 45817597 0 48019653 1490077496 6772027451
Speculation 4 1770 3275 6416580346 48596581 0 47906309 1643941822 8157025058
Speculation 8 1784 3477 14949601927 53365838 0 49903480 2116597217 17169468462
Speculation 16 1204 2547 44611547880 57459215 0 105420037 3790530651 48564957783
Prefetch-Next 1 1082 1310 3993829972 46074244 521372922 49298254 1477985758 6088561150
Prefetch-Next 2 1518 2300 4061974877 45753280 529384744 47782899 1510398286 6195294086
Prefetch-Next 4 1777 3424 5084800983 45702979 684601764 47887381 1794652282 7657645389
Prefetch-Next 8 1784 3081 15569122753 52569059 3482572908 50323971 1692045298 20846633989
Prefetch-Next 16 1226 2556 42075887900 57747176 8878045854 125704006 1567297662 52704682598
