file_system num_job first_bandwidth(MiB/s) second_bandwidth(MiB/s) second_cmp_lat(ns) second_fp_lat(ns) second_prefetch_lat(ns) second_lookup_lat(ns) second_others_lat(ns) second_lat(ns)
Naive 1 1017 699 10601323086 1516310762 0 799920549 1322067401 6716451838
Naive 2 1420 1265 10897130956 1628522779 0 810585351 1475129297 7016709856
Naive 4 1680 2145 11224245005 2039856318 0 848002475 1667970042 7503820778
Naive 8 1791 3194 12547073286 3171135770 0 915897034 2081275607 8782001209
Naive 16 1249 3693 23271406981 4230197480 0 1003317715 2609542266 14184006579
Prefetch-Cmp-64 1 1051 930 5741115103 1526055263 0 808050680 1339633411 4841522893
Prefetch-Cmp-64 2 1451 1642 5938901758 1638243921 0 817261338 1529178849 5086324124
Prefetch-Cmp-64 4 1725 2667 6259253242 2020131040 0 851509923 1678296810 5524699024
Prefetch-Cmp-64 8 1751 3516 9031309688 3264116752 0 944748082 2128196054 7520995540
Prefetch-Cmp-64 16 1238 3584 19859379778 6192268354 0 1519109345 3405770709 14581911624
Prefetch-Cmp-256-64 1 1038 997 4492537357 1504290193 0 802265095 1463636270 4619668134
Prefetch-Cmp-256-64 2 1442 1728 4679405458 1654696050 0 820072271 1691693399 4929418901
Prefetch-Cmp-256-64 4 1716 2767 5082684852 2035071659 0 856376840 1900730697 5562566252
Prefetch-Cmp-256-64 8 1751 3471 8587331275 3246319336 0 942005207 2469250489 8162773589
Prefetch-Cmp-256-64 16 1235 2812 30697687712 7678809951 0 1868474934 4679129434 22311793659
Prefetch-Current 1 1069 1085 3043702416 1679652303 127560129 819206470 1477463198 4204575713
Prefetch-Current 2 1443 1863 3183595394 1854813613 131931292 828978368 1702746466 4513559158
Prefetch-Current 4 1716 2905 3753696620 2234930427 173934992 919437149 1879077044 5182682734
Prefetch-Current 8 1758 3270 9323987591 3659446021 578078561 1271419709 2430875363 8837745153
Prefetch-Current 16 1242 2558 30586964482 11857513484 1635891153 2954396403 4555669670 24451455235
Speculation 1 1047 1140 5148531552 50750515 0 51579740 1403255241 3868520285
Speculation 2 1439 1965 5390945815 55659206 0 52336620 1628003528 4128102760
Speculation 4 1715 2989 6696243176 60668416 0 53658789 1793770682 4901623269
Speculation 8 1758 3399 13719387300 70542637 0 55744059 2316554023 8192013725
Speculation 16 1244 2662 42427453348 111786341 0 115782184 4839283706 22587462082
Prefetch-Next 1 1054 1210 3928266959 51899550 526030199 51740427 1406536781 3621818674
Prefetch-Next 2 1450 2057 4236074876 55292730 531072822 52396590 1631980823 3874872277
Prefetch-Next 4 1706 3089 5272612238 60024140 661544824 53272430 1854495100 4705131016
Prefetch-Next 8 1756 3171 13524792947 68680721 2711863809 55658595 2223812577 9071313552
Prefetch-Next 16 1244 2474 41606001316 118993811 8394751388 126766417 4257659882 24072089240
