file_system num_job first_bandwidth(MiB/s) second_bandwidth(MiB/s) second_cmp_lat(ns) second_fp_lat(ns) second_prefetch_lat(ns) second_lookup_lat(ns) second_others_lat(ns) second_lat(ns)
Naive 1 1019 701 10567643916 1526854881 0 793800670 2076746886 14965046353
Naive 2 1426 1274 10892623086 1624481200 0 799349516 2241990603 15558444405
Naive 4 1682 2153 11247965208 2006081977 0 839763904 2491107195 16584918284
Naive 8 1796 3197 12730516945 3014249408 0 892800395 3076471484 19714038232
Naive 16 1259 3626 24410296242 4165719814 0 995270493 3738207899 33309494448
Prefetch-Cmp-64 1 1055 932 5741045660 1546312459 0 793324495 2101787426 10182470040
Prefetch-Cmp-64 2 1471 1651 5945915096 1634787133 0 806639280 2317236966 10704578475
Prefetch-Cmp-64 4 1738 2678 6283026727 2038741669 0 838437435 2551408467 11711614298
Prefetch-Cmp-64 8 1756 3540 9189085433 3170042548 0 928533347 3117230867 16404892195
Prefetch-Cmp-64 16 1244 3522 20649629339 6466970304 0 1540966815 4926022810 33583589268
Prefetch-Cmp-256-64 1 1061 1005 4471852951 1487344647 0 792298641 2414201574 9165697813
Prefetch-Cmp-256-64 2 1451 1777 4612403604 1564080411 0 795326778 2651781094 9623591887
Prefetch-Cmp-256-64 4 1716 2823 5020050458 1999499502 0 839244642 3019075371 10877869973
Prefetch-Cmp-256-64 8 1752 3531 8400919882 3190138762 0 923310589 3920995195 16435364428
Prefetch-Cmp-256-64 16 1237 2915 29609618550 7174623137 0 1809545575 7656254239 46250041501
Prefetch-Current 1 1076 1098 3035410105 1650332234 127728763 805350926 2434804226 8053626254
Prefetch-Current 2 1443 1891 3175276403 1803308370 129356241 812047737 2687891194 8607879945
Prefetch-Current 4 1716 2940 3817643034 2185057277 183350106 919288449 2941680916 10047019782
Prefetch-Current 8 1761 3275 9426502818 3571452111 598935452 1270303750 3815370199 18682564330
Prefetch-Current 16 1250 2561 30604202172 11712657842 1598092385 2849235422 6955035436 53719223257
Speculation 1 1055 1144 5153468526 47278094 0 50027256 2278406165 7529180041
Speculation 2 1429 1974 5383257564 55594211 0 50866460 2532008498 8021726733
Speculation 4 1725 2979 6714317530 60059753 0 53259325 2855317632 9682954240
Speculation 8 1761 3415 13772519708 69742408 0 53841666 3563338085 17459441867
Speculation 16 1246 2667 43546429339 109204117 0 116614577 6925318295 50697566328
Prefetch-Next 1 1062 1212 3942747337 52833812 532112422 49828332 2284567110 6862089013
Prefetch-Next 2 1451 2074 4227259083 51067756 533594396 52419894 2515850065 7380191194
Prefetch-Next 4 1709 3088 5311095056 62474593 669445548 51743959 2956996280 9051755436
Prefetch-Next 8 1758 3160 13710071559 67086965 2757489904 54398992 3367653120 19956700540
Prefetch-Next 16 1245 2437 43030532712 129961775 8591994186 126711697 5505967498 57385167868
Naive 1 1016 708 10554799134 1457492857 0 789718797 2036512832 14838523620
Naive 2 1422 1273 10893136681 1592539109 0 807554009 2245957704 15539187503
Naive 4 1680 2143 11260029337 2050988034 0 854299195 2523164809 16688481375
Naive 8 1793 3197 12442758319 3160680183 0 912648730 3008306979 19524394211
Naive 16 1250 3726 22604357400 4192068265 0 998183032 3878794512 31673403209
Prefetch-Cmp-64 1 1059 932 5735263134 1521929700 0 810324043 2102159250 10169676127
Prefetch-Cmp-64 2 1445 1649 5958228498 1607800785 0 814389844 2308431527 10688850654
Prefetch-Cmp-64 4 1731 2689 6257943188 1943745002 0 848078739 2509199015 11558965944
Prefetch-Cmp-64 8 1752 3550 8780627427 3268294890 0 938506101 3139558096 16126986514
Prefetch-Cmp-64 16 1238 3636 19407626891 5911359401 0 1491237585 4899695270 31709919147
Prefetch-Cmp-256-64 1 1044 1006 4483438818 1469719531 0 793017386 2394237706 9140413441
Prefetch-Cmp-256-64 2 1426 1734 4648101063 1652994902 0 818676442 2700810960 9820583367
Prefetch-Cmp-256-64 4 1718 2754 5119410986 2039498183 0 859060663 3076607749 11094577581
Prefetch-Cmp-256-64 8 1752 3477 8801730048 3222674240 0 939540439 3985548752 16949493479
Prefetch-Cmp-256-64 16 1239 2760 31648612274 8050335344 0 1895819855 7983579070 49578346543
Prefetch-Current 1 1075 1095 3030540840 1651134963 124442680 811366991 2436363874 8053849348
Prefetch-Current 2 1435 1860 3185474829 1862918967 132590475 830915002 2752700514 8764599787
Prefetch-Current 4 1720 2908 3794962052 2241026532 174451505 932498987 3012187328 10155126404
Prefetch-Current 8 1754 3283 9263492870 3696287770 592614001 1270226481 3792726263 18615347385
Prefetch-Current 16 1236 2472 31738407667 12918287292 1700019127 3184118516 7032373534 56573206136
Speculation 1 1050 1155 5089363317 51897754 0 49859121 2222697982 7413818174
Speculation 2 1452 1951 5403218537 52963409 0 52058767 2559361714 8067602427
Speculation 4 1725 2972 6869473540 61196460 0 52618876 2743447742 9726736618
Speculation 8 1758 3432 13501563932 67982199 0 55287647 3591555518 17216389296
Speculation 16 1248 2646 44051405251 114908558 0 118739718 6959983583 51245037110
Prefetch-Next 1 1064 1212 3932024754 49017358 530509248 49917554 2278087685 6839556599
Prefetch-Next 2 1478 2061 4227153561 57346689 531494416 52047899 2533698380 7401740945
Prefetch-Next 4 1718 3095 5217092668 58274529 651807786 53165484 2940219304 8920559771
Prefetch-Next 8 1756 3197 13415086379 70898410 2685192850 55284337 3376362805 19602824781
Prefetch-Next 16 1250 2450 42482291733 114249747 8569309334 124866825 5463871423 56754589062
Naive 1 1024 698 10581729984 1537288806 0 804351614 839220928 1248516092
Naive 2 1423 1272 10891492395 1575568318 0 804439768 932821901 1308908687
Naive 4 1676 2150 11187808402 2024349688 0 845765671 1111481525 1374494802
Naive 8 1782 3212 12502292490 3187782964 0 928673000 1408406383 1524823842
Naive 16 1246 3665 23810267009 4339631373 0 1008892041 1788226634 1967699296
Prefetch-Cmp-64 1 1053 938 5738352155 1472966491 0 798572667 808597309 1273913093
Prefetch-Cmp-64 2 1468 1641 5936794585 1648872077 0 816767151 1013161135 1334744082
Prefetch-Cmp-64 4 1718 2667 6251379000 2027183583 0 847465989 1118237133 1430823564
Prefetch-Cmp-64 8 1747 3513 9174468294 3242274034 0 946766092 1448490351 1658774802
Prefetch-Cmp-64 16 1238 3578 19849486202 6128188430 0 1519423016 2410019683 2542744355
Prefetch-Cmp-256-64 1 1046 997 4492713549 1502929109 0 802771750 833433315 1580350693
Prefetch-Cmp-256-64 2 1463 1718 4673766055 1674064197 0 823446844 1033749741 1723610405
Prefetch-Cmp-256-64 4 1718 2766 5085066021 2024450673 0 860637423 1139468145 1912839713
Prefetch-Cmp-256-64 8 1745 3450 8656350599 3243743725 0 947594178 1454502876 2477332586
Prefetch-Cmp-256-64 16 1228 2896 29276226235 7165370062 0 1840951137 2495954763 5111758588
Prefetch-Current 1 1076 1071 3050639828 1733398591 128242485 829429097 853855395 1634695463
Prefetch-Current 2 1445 1865 3160805800 1870529276 128370775 832068915 1028695749 1717503536
Prefetch-Current 4 1720 2908 3752791641 2244752200 176017408 915349915 1142071955 1865543766
Prefetch-Current 8 1763 3290 9070896641 3650821687 568491188 1272429988 1535878732 2310992278
Prefetch-Current 16 1242 2586 30610746713 11592770522 1671719682 2956531750 2916743717 3971090682
Speculation 1 1064 1138 5156393744 51293489 0 52209987 837346996 1447218424
Speculation 2 1438 1977 5367781722 53342477 0 52017932 1009915731 1497141044
Speculation 4 1725 3005 6691106272 61597748 0 53229691 1113084624 1688063193
Speculation 8 1756 3348 13981784190 69115610 0 56613840 1490195140 2096573254
Speculation 16 1248 2646 38583225460 109252854 0 106397539 3851790651 3593141967
Prefetch-Next 1 1054 1232 3866770813 48013088 530768704 53543278 795231042 1416040026
Prefetch-Next 2 1452 2058 4231580916 59695333 525929812 52074337 1026177393 1538783100
Prefetch-Next 4 1697 3109 5298574956 55436156 678166446 53727160 1103862041 1824014805
Prefetch-Next 8 1763 3175 13526080148 69732825 2731235146 55707190 1462161513 1919630375
Prefetch-Next 16 1245 2509 40928625717 109766589 8322576670 126276035 3342521520 2105849512
Naive 1 1014 692 10678992328 1563008148 0 804338169 835789727 1263720115
Naive 2 1417 1259 10927465775 1634675602 0 813045633 945434187 1317685869
Naive 4 1678 2143 11210334069 2029365857 0 849854944 1111240963 1429069631
Naive 8 1791 3182 12503181035 3235848146 0 912861852 1468675968 1578571600
Naive 16 1250 3736 22493500159 4232680033 0 1007112756 1867003375 1982980046
Prefetch-Cmp-64 1 1042 930 5761473723 1525739089 0 812393724 841075968 1264992109
Prefetch-Cmp-64 2 1449 1635 5932986181 1653158948 0 823472945 1005832870 1354408957
Prefetch-Cmp-64 4 1718 2646 6257629323 2059551135 0 862896888 1113430868 1486172237
Prefetch-Cmp-64 8 1754 3504 8942136942 3298408331 0 946152114 1462999317 1708359896
Prefetch-Cmp-64 16 1236 3550 19976030983 6314208418 0 1508591924 2435282700 2520001326
Prefetch-Cmp-256-64 1 1028 995 4510128955 1505548106 0 803023692 830973616 1604194816
Prefetch-Cmp-256-64 2 1440 1714 4722984879 1679976560 0 828942006 1025176602 1730302468
Prefetch-Cmp-256-64 4 1714 2749 5095762179 2061009251 0 862113452 1143368374 1972480854
Prefetch-Cmp-256-64 8 1754 3450 8535709646 3288070378 0 950814199 1492086069 2484545421
Prefetch-Cmp-256-64 16 1237 2721 31791042375 8270148890 0 1904494208 2674986610 5324716290
Prefetch-Current 1 1063 1081 3039723931 1689649619 127401256 825068159 831758968 1631722121
Prefetch-Current 2 1451 1850 3197171047 1869056906 134129908 834922716 1014888764 1745697046
Prefetch-Current 4 1714 2902 3647549308 2236972822 163105559 897596673 1136564529 1883565076
Prefetch-Current 8 1758 3251 9247165903 3650808173 575712661 1269450061 1539100119 2298698328
Prefetch-Current 16 1243 2586 29997712855 11470910412 1633758681 2890771214 2910191215 3993131886
Speculation 1 1039 1145 5120452661 49533511 0 51314599 818387424 1452640320
Speculation 2 1442 1974 5375603416 56719773 0 52851774 1007028992 1514960499
Speculation 4 1712 3005 6691864298 59125096 0 53420468 1118883650 1677796995
Speculation 8 1761 3415 13673138339 73515396 0 56403602 1468607234 2094876171
Speculation 16 1244 2710 41598207959 106907511 0 118550387 3206933767 3683250491
Prefetch-Next 1 1048 1204 3945622906 55568566 517587836 52757641 835830901 1483425020
Prefetch-Next 2 1425 2037 4271720387 53276732 533652570 52401505 1051306855 1542890873
Prefetch-Next 4 1701 3095 5221385124 64145056 644954498 54350650 1134778638 1858588302
Prefetch-Next 8 1758 3175 13448109563 68162204 2668416870 56172945 1463554724 1938356826
Prefetch-Next 16 1242 2547 39690696716 112606430 8098481778 126471447 3339853587 2085287224
Naive 1 1013 697 10623450071 1496909119 0 807393496 822066632 1266453011
Naive 2 1416 1251 10880936847 1715349666 0 828537832 1009442092 1359322817
Naive 4 1686 2140 11215088012 2088496038 0 850328662 1102855718 1442139802
Naive 8 1796 3182 12556617643 3257118151 0 932501197 1444517221 1568178160
Naive 16 1242 3715 23038614099 4220887915 0 1007130254 1775478911 1986455896
Prefetch-Cmp-64 1 1046 922 5729440845 1563328576 0 825638472 844547104 1316563099
Prefetch-Cmp-64 2 1426 1637 5920584433 1646600663 0 825037473 1001231750 1349038452
Prefetch-Cmp-64 4 1720 2657 6246287972 2031433811 0 860670566 1099208570 1435919078
Prefetch-Cmp-64 8 1749 3477 9070230345 3341563957 0 963782760 1472701639 1705964297
Prefetch-Cmp-64 16 1234 3636 19414125476 6140615218 0 1535327387 2357833082 2553304027
Prefetch-Cmp-256-64 1 1015 985 4504552512 1555909574 0 820214010 845335143 1607683908
Prefetch-Cmp-256-64 2 1431 1699 4739771691 1702364184 0 833969286 1046948598 1749006382
Prefetch-Cmp-256-64 4 1714 2743 5093134618 2050900688 0 860828024 1125133846 1955063142
Prefetch-Cmp-256-64 8 1752 3450 8541946200 3286969576 0 948766630 1493119556 2467132035
Prefetch-Cmp-256-64 16 1234 2771 31162939126 7733572324 0 1891563898 2584872488 5294105375
Prefetch-Current 1 1055 1082 3062197376 1673746109 129985462 824817181 830533530 1648985381
Prefetch-Current 2 1442 1852 3199248895 1868254548 135209062 834937470 1029556112 1732115476
Prefetch-Current 4 1712 2871 3755537066 2266843308 172750386 932451721 1162880494 1962158642
Prefetch-Current 8 1758 3251 9611879725 3727860367 554639507 1274688269 1471301506 2281123444
Prefetch-Current 16 1240 2586 29983753007 11592941355 1575865891 2891325113 2964004448 4000624214
Speculation 1 1028 1118 5222979512 53749731 0 54487737 859437640 1499744466
Speculation 2 1434 1951 5424867840 59676164 0 53888168 1031702707 1539083100
Speculation 4 1692 2985 6514454244 61363023 0 55765587 1138119765 1732565301
Speculation 8 1754 3389 13667930333 72357575 0 56573543 1469074142 2092788040
Speculation 16 1235 2641 44357998734 118658666 0 118608701 3252392235 3718314514
Prefetch-Next 1 1044 1194 3954168989 54064926 519172788 52655331 838967169 1507982714
Prefetch-Next 2 1445 2058 4222660437 55077140 530692920 53039315 1032871423 1510755277
Prefetch-Next 4 1709 3060 5314913387 59790366 663349842 53374901 1136619240 1870736767
Prefetch-Next 8 1749 3152 13524617089 67523203 2716984276 56729511 1449330726 1939055238
Prefetch-Next 16 1242 2428 41897859706 128384517 8391394976 129506082 3636085382 2029552537
