file_system num_job first_bandwidth(MiB/s) second_bandwidth(MiB/s) second_cmp_lat(ns) second_fp_lat(ns) second_prefetch_lat(ns) second_lookup_lat(ns) second_others_lat(ns) second_lat(ns)
Naive 1 1438 818 51720593962 7808541601 0 3919201709 7452205865 70900543137
Prefetch-Cmp-64 1 1422 1162 28154779417 7766231153 0 3881512518 7411097519 47213620607
Prefetch-Cmp-256-64 1 1404 1267 21800576466 7896368496 0 3830218418 9048978471 42576141851
Prefetch-Current 1 1438 1441 13831981652 8916271160 554606996 3904727768 9120453163 36328040739
Speculation 1 1396 1536 25237200565 8829 0 11092 8310640265 33547860751
Prefetch-Next 1 1397 1658 19630958226 8223 2913984330 11255 7873151346 30418113380
Naive 1 1432 821 51624503427 7665699817 0 3882012344 7433817211 70606032799
Prefetch-Cmp-64 1 1423 1165 28084707128 7707034386 0 3881960335 7401353849 47075055698
Prefetch-Cmp-256-64 1 1396 1276 21739990228 7648140952 0 3803619197 9023660759 42215411136
Prefetch-Current 1 1434 1437 13836252089 8992075127 554919895 3915511320 9156832363 36455590794
Speculation 1 1402 1529 25329349308 8732 0 11465 8373376930 33702746435
Prefetch-Next 1 1403 1667 19418004901 10554 2887186342 11724 7867193783 30172407304
Naive 1 1411 821 51599805469 7650592004 0 3888772799 5053255643 2370101982
Prefetch-Cmp-64 1 1426 1166 28021810730 7762598685 0 3858417126 5042276173 2363008837
Prefetch-Cmp-256-64 1 1401 1273 21584628845 7874855564 0 3855450202 5033274017 3983490620
Prefetch-Current 1 1431 1425 13860505554 9034415422 560256230 4006436414 5102727508 4152129992
Speculation 1 1397 1529 25287806726 9541 0 10861 5067746937 3301279376
Prefetch-Next 1 1375 1647 19684424500 10509 2917928622 14899 5107356672 2827563275
Naive 1 1423 821 51770523264 7401432868 0 3861558977 5113562194 2375085471
Prefetch-Cmp-64 1 1402 1167 27995493917 7713259787 0 3892336161 4990869390 2361522156
Prefetch-Cmp-256-64 1 1394 1263 21823545123 7926001890 0 3874319051 5037812369 4018893967
Prefetch-Current 1 1431 1446 13787348332 8715090209 557026272 3900673371 5099415929 4073708684
Speculation 1 1398 1540 25042589750 9154 0 10305 5077622483 3282983665
Prefetch-Next 1 1400 1662 19535882638 7551 2839232206 10583 5052456340 2834705011
Naive 1 1419 815 51636971915 7948679400 0 3954348361 5067887779 2394775725
Prefetch-Cmp-64 1 1411 1158 28118176915 7700357762 0 3907266657 5139575617 2397578574
Prefetch-Cmp-256-64 1 1403 1272 21726563352 7595313537 0 3872835041 5112484195 3989599471
Prefetch-Current 1 1429 1441 13839964938 8815306859 558508169 3895586984 5059801658 4098038394
Speculation 1 1393 1526 25363349641 11523 0 12952 5055234936 3324089751
Prefetch-Next 1 1385 1652 19658895103 9049 2860526230 12209 5072288206 2843134444
