file_system num_job first_bandwidth(MiB/s) second_bandwidth(MiB/s) second_cmp_lat(ns) second_fp_lat(ns) second_prefetch_lat(ns) second_lookup_lat(ns) second_others_lat(ns) second_lat(ns)
Naive 1 1425 822 51598672344 7657833338 0 3878194733 7402656761 70537357176
Naive 2 1852 1586 53267697801 8004409205 0 4117084658 7558955165 72948146829
Naive 3 1933 2324 54359260708 8391921819 0 4390579262 7648450524 74790212313
Naive 4 2011 2989 55606827447 9603357688 0 4646969651 7779599020 77636753806
Naive 5 2073 3549 57039275041 12018667504 0 4825576466 7967347061 81850866072
Naive 6 2096 3966 58685583210 16580453418 0 5013791922 8277139532 88556968082
Naive 7 2085 4375 60448783357 19816897524 0 5106222889 8733557068 94105460838
Naive 8 2034 4688 63362788132 22398526596 0 5163286511 9451400950 100376002189
Naive 9 1930 4927 68971051944 23545831260 0 5205257210 10426942414 108149082828
Naive 10 1775 5003 77434577941 24475289273 0 5243833548 11773954815 118927655577
Naive 11 1638 5114 85449644237 25270568106 0 5242696458 12645632437 128608541238
Naive 12 1567 5297 90424007034 25087397305 0 5365514600 13811006407 134687925346
Naive 13 1531 5332 97724900048 25552253282 0 5507626978 15840091082 144624871390
Naive 14 1512 5481 103334022263 26782298453 0 5667839586 15753126631 151537286933
Naive 15 1510 5648 109199491686 28121142701 0 5810174214 15588187297 158718995898
Naive 16 1488 5619 117594231934 30246181563 0 6004849880 17403711113 171248974490
Speculation-64 1 1393 1355 30953841253 7878 0 11323 8334469824 39288330278
Speculation-64 2 1793 2583 32455036093 10765 0 10388 8574275010 41029332256
Speculation-64 3 1939 3751 34030554940 9294 0 12783 8658401263 42688978280
Speculation-64 4 2018 4654 37618490419 11352 0 14535 8768321947 46386838253
Speculation-64 5 2085 5032 45203758862 13638 0 18675 9148926652 54352717827
Speculation-64 6 2070 4907 60621829474 24728 0 19344 9238999605 69860873151
Speculation-64 7 2053 5016 71199361796 47043 0 41732 9748482417 80947932988
Speculation-64 8 2062 5245 76842487614 57087 0 51959 10824572420 87667169080
Speculation-64 9 2027 5353 85323896077 180319 0 145216 11709682839 97033904451
Speculation-64 10 1894 5414 94379345343 304719 0 225921 13109185844 107489061827
Speculation-64 11 1734 5547 100651707047 518718 0 427752 14534209910 115186863427
Speculation-64 12 1619 5610 109113087615 608769 0 459592 16162443339 125276599315
Speculation-64 13 1561 5542 119785696659 768191 0 578205 18024537165 137811580220
Speculation-64 14 1527 5652 126838102364 806251 0 606668 19367028512 146206543795
Speculation-64 15 1516 5651 136567382964 553491 0 417145 20822026347 157390379947
Speculation-64 16 1489 5670 144926532393 545494 0 395875 22068225720 166995699482
Prefetch-Next 1 1405 1663 19516386509 7496 2860879592 10783 7908975069 30286259449
Prefetch-Next 2 1807 3201 20210945362 11105 2867127028 11847 8240603459 31318698801
Prefetch-Next 3 1930 4412 22733907890 9138 3215657444 11641 8641253059 34590839172
Prefetch-Next 4 2026 5398 26063634790 14084 3580107534 14967 9032244433 38676015808
Prefetch-Next 5 2074 5664 33651766723 12520 4551142616 17902 9588139914 47791079675
Prefetch-Next 6 2071 4794 52761764467 27238 8658190508 30704 9663621329 71083634246
Prefetch-Next 7 2058 3665 88290871235 33847 20653032986 34754 4350687434 113294660256
Prefetch-Next 8 2057 3401 112619382023 83821 25869805780 66431 2117439262 140606777317
Prefetch-Next 9 2001 3276 134738529650 167751 29687164774 130285 1599948806 166025941266
Prefetch-Next 10 1884 3363 146125968525 366058 30860131830 266771 2804779095 179791512279
Prefetch-Next 11 1722 3343 162901848036 776556 33161596228 558358 3955767972 200020547150
Prefetch-Next 12 1612 3306 180434523430 1216347 35539284878 717460 4983044846 220958786961
Prefetch-Next 13 1556 3284 196377130241 975830 37629004002 613350 6215316042 240223039465
Prefetch-Next 14 1523 3237 215448530947 1501251 40392659486 913889 7467796064 263311401637
Prefetch-Next 15 1512 3195 234579068648 1156480 43327430038 779213 8518481861 286426916240
Prefetch-Next 16 1481 3158 253173703490 1523196 46217036672 773900 10136417749 309529455007
Transition 1 1393 1662 19674524652 9744 2866983560 13606 7772900409 30314431971
Transition 2 1771 3173 20627058160 10127 2877726112 12630 8094219722 31599026751
Transition 3 1941 4513 22371371895 9692 3136928062 13301 8376561958 33884884908
Transition 4 2010 5351 26475960240 11832 3622244008 15707 8876095095 38974326882
Transition 5 2082 5699 33836506099 12731 4509381886 16387 9079259799 47425176902
Transition 6 2086 5052 57446047565 22810 595690418 21004 9181080663 67222862460
Transition 7 2085 5082 69748090498 34959 70560770 38174 9754773543 79573497944
Transition 8 2042 5074 80874163397 149538 66821822 94362 10752107034 91693336153
Transition 9 2002 5112 91471545348 175694 53887908 121896 11523595358 103049326204
Transition 10 1887 5481 92657495065 303757 213767790 244913 13040882143 105912693668
Transition 11 1723 5567 100923016719 370158 177249474 289646 14463880001 115564805998
Transition 12 1614 5640 108577361062 718084 101617644 544648 16109557934 124789799372
Transition 13 1558 5590 118795330818 619796 62764476 501136 17829036105 136688252331
Transition 14 1528 5593 128176776122 584576 29781428 451993 19634089045 147841683164
Transition 15 1515 5655 136364480425 523688 11368660 417160 20666251756 157043041689
Transition 16 1483 5673 144807534623 474502 4788590 337063 22334555499 167147690277
Naive 1 1436 811 52343769633 7865874433 0 3883111547 7476310659 71569066272
Naive 2 1824 1587 53430169188 7741940918 0 4133937026 7599148903 72905196035
Naive 3 1942 2312 54543191902 8400212682 0 4409227206 7625606191 74978237981
Naive 4 2029 2978 55544240898 9865331776 0 4639780285 7756177822 77805530781
Naive 5 2098 3631 57086451059 10221461313 0 4829142090 7923946655 80061001117
Naive 6 2093 3975 58664373313 16545744462 0 5068117282 8250794497 88529029554
Naive 7 2080 4352 60310692578 20425033881 0 5124569075 8733241106 94593536640
Naive 8 2036 4692 63096420215 22786128026 0 5250082768 9224307990 100356938999
Naive 9 1928 4924 68767727397 23848906242 0 5264612184 10530103976 108411349799
Naive 10 1768 5016 76928622303 24985908455 0 5345424907 11424242723 118684198388
Naive 11 1642 5107 84861284203 25433955637 0 5292391776 13148025040 128735656656
Naive 12 1565 5261 90563744390 25448499605 0 5397896779 14293040352 135703181126
Naive 13 1530 5389 95980241175 26212976535 0 5556745716 15084737416 142834700842
Naive 14 1522 5353 104119361987 27921446393 0 5664196999 17535656890 155240662269
Naive 15 1503 5622 108191778006 29266651154 0 5822641104 16034781667 159315851931
Naive 16 1475 5710 116305928435 29834869876 0 5965934923 16008831632 168115564866
Speculation-64 1 1381 1343 31182297705 13314 0 17436 8387474837 39569803292
Speculation-64 2 1820 2582 32635121911 8604 0 10825 8541394146 41176535486
Speculation-64 3 1936 3733 34136565672 11984 0 13203 8625962190 42762553049
Speculation-64 4 2019 4665 37411918886 8899 0 13305 8759848775 46171789865
Speculation-64 5 2067 5125 44172621094 10470 0 14408 9082976895 53255622867
Speculation-64 6 2078 5001 59313543394 24702 0 28781 9245151859 68558748736
Speculation-64 7 2042 4996 71212603965 32595 0 28278 9900857943 81113522781
Speculation-64 8 2067 5210 77540082964 97690 0 71754 10821401804 88361654212
Speculation-64 9 2023 5228 88656534087 205707 0 151043 11604273821 100261164658
Speculation-64 10 1902 5409 94646557312 288069 0 227470 12904909691 107551982542
Speculation-64 11 1737 5556 100724858654 544399 0 408381 14711017230 115436828664
Speculation-64 12 1620 5643 108114359127 503777 0 433963 15986475957 124101772824
Speculation-64 13 1559 5639 118225962891 766414 0 591753 17632636175 135859957233
Speculation-64 14 1529 5597 127554388835 808056 0 607745 19573072674 147128877310
Speculation-64 15 1515 5619 136895447317 661265 0 445585 21109203774 158005757941
Speculation-64 16 1489 5656 145146096190 528633 0 358313 22295863102 167442846238
Prefetch-Next 1 1400 1658 19601408855 12510 2907408918 13337 7896212566 30405056186
Prefetch-Next 2 1782 3168 20628570340 8974 2885780428 11905 8170450053 31684821700
Prefetch-Next 3 1937 4488 22425448157 14625 3122506592 13033 8500969334 34048951741
Prefetch-Next 4 2017 5385 26021692763 10316 3606188400 15825 9169085789 38796993093
Prefetch-Next 5 2083 5687 33378087948 25046 4520394780 28494 9514765884 47413302152
Prefetch-Next 6 2038 4600 55688575342 17184 9328533954 25154 9558137704 74575289338
Prefetch-Next 7 2039 3942 80887118187 44011 17922790632 40495 5212005096 104021998421
Prefetch-Next 8 2012 3169 122689232302 99312 28557543764 78428 1079386708 152326340514
Prefetch-Next 9 2020 3404 128479077723 179012 28147929882 138820 2355653977 158982979414
Prefetch-Next 10 1886 3382 144897768701 354624 30551984598 308671 2818116828 178268533422
Prefetch-Next 11 1725 3344 162922187006 623118 33169283558 390387 3685751973 199778236042
Prefetch-Next 12 1613 3317 179296309348 1106845 35227765564 725335 5063040718 219588947810
Prefetch-Next 13 1554 3287 196016482194 1481700 37481990598 853200 6280819348 239781627040
Prefetch-Next 14 1530 3227 216443495997 1148649 40456156698 729914 7565702904 264467234162
Prefetch-Next 15 1512 3174 235284836220 1231009 43246088190 676984 9767916455 288300748858
Prefetch-Next 16 1489 3155 254238293550 1417359 46586724592 918969 9619996004 310447350474
Transition 1 1402 1653 19794194112 11119 2928244364 12191 7795308547 30517770333
Transition 2 1830 3159 20935399192 7102 2927669060 10420 8048758265 31911844039
Transition 3 1934 4609 21726065200 12235 3007986526 13621 8280877466 33014955048
Transition 4 2017 5349 26674990154 11941 3665007468 15362 8752930037 39092954962
Transition 5 2080 5031 38948365469 18213 5638682020 23295 10161830472 54748919469
Transition 6 2066 5068 57119797050 19528 647476336 26342 9153583591 66920902847
Transition 7 2087 5075 69852816926 44601 62642966 38850 9748251796 79663795139
Transition 8 2069 5173 78279893133 92591 88142938 69011 10657705146 89025902819
Transition 9 2014 5199 88950522970 211082 94494104 149024 11751557540 100796934720
Transition 10 1886 5442 93569935471 349596 192077620 283129 12997451903 106760097719
Transition 11 1724 5551 100092849394 532039 210745704 431685 14531407683 114835966505
Transition 12 1612 5523 110371005889 578479 127378988 490891 16380100009 126879554256
Transition 13 1556 5566 118699768749 813676 63722046 625067 18200165282 136965094820
Transition 14 1522 5627 127575867355 648018 14872922 540541 19205302543 146797231379
Transition 15 1516 5687 135584808121 571920 12283732 428434 20336870278 155934962485
Transition 16 1485 5670 144838463519 591786 5444472 462728 22375640707 167220603212
Naive 1 1417 815 51822133509 7763018016 0 3947501218 5080410580 2403805198
Naive 2 1893 1566 53642336328 8134335509 0 4203154006 5107072527 2490699269
Naive 3 1951 2320 54300333272 8363848215 0 4424960324 5167115295 2532173364
Naive 4 2028 2985 55637200281 9418894974 0 4658940109 5174001936 2581672954
Naive 5 2076 3520 56898775829 12601212657 0 4889385144 5325371187 2720170420
Naive 6 2103 3920 58666917873 17192929747 0 5078385294 5551008111 2874832363
Naive 7 2060 4368 60523811893 19340781268 0 5190223632 5987750713 2917300310
Naive 8 2045 4657 63148568407 22879484035 0 5234920813 6552749911 3073985421
Naive 9 1933 4902 68737485337 23847952294 0 5377986362 7483759493 3132374628
Naive 10 1777 5029 74880524706 25744259270 0 5438091976 8227677877 3261449620
Naive 11 1643 5134 82242898694 26432140469 0 5401473973 9647704758 3272374674
Naive 12 1567 5273 88804820424 26085350585 0 5526513728 10756521195 3344083588
Naive 13 1526 5365 95910769803 26598575512 0 5615196961 11656295747 3405583973
Naive 14 1513 5283 105691596457 27845764559 0 5694511475 14523672482 3429868319
Naive 15 1504 5588 109755535798 28899882973 0 5885335686 12905572558 3490812107
Naive 16 1465 5689 115603741826 30595961060 0 6061412781 12909907456 3540191738
Speculation-64 1 1373 1332 31432388277 11708 0 15153 5064101506 3389485257
Speculation-64 2 1847 2587 32321957120 10348 0 11827 5136690055 3457413559
Speculation-64 3 1928 3759 33867104390 9302 0 14015 5137900953 3515827495
Speculation-64 4 2028 4632 37680534778 14803 0 18321 5212318700 3593174160
Speculation-64 5 2062 4973 45247655329 14461 0 20732 5420753534 3923349907
Speculation-64 6 2085 5080 57225061059 22931 0 28068 5562294102 3819682362
Speculation-64 7 2070 5226 65903117511 44015 0 42238 6219597499 3956429371
Speculation-64 8 2058 5007 82163400700 63827 0 49153 6832355716 4140942662
Speculation-64 9 2021 5259 87589034651 136161 0 101720 7462132203 4250318276
Speculation-64 10 1906 5461 92697046160 307849 0 224092 8779612154 4379347166
Speculation-64 11 1738 5508 101550655071 533912 0 394722 10309279495 4487898410
Speculation-64 12 1620 5650 108012215761 514120 0 388742 11444910768 4644515075
Speculation-64 13 1558 5546 119452017439 759664 0 553294 13522361176 4748148025
Speculation-64 14 1525 5666 126412740698 713475 0 496748 14185323693 4874191989
Speculation-64 15 1506 5684 135609036141 515424 0 432965 15541520114 5006546828
Speculation-64 16 1482 5644 145515528198 608249 0 396337 17224711748 5138296800
Prefetch-Next 1 1372 1666 19338111333 8290 2839285112 11168 5101052761 2835505002
Prefetch-Next 2 1809 3158 20602735456 10059 2894775974 10779 5125285862 3102544802
Prefetch-Next 3 1924 4577 21786344033 8495 2990235530 13193 5165406587 3246783633
Prefetch-Next 4 2024 5357 26224038610 16644 3585120164 18756 5243622923 3856813522
Prefetch-Next 5 2077 5658 33480954533 17416 4490300224 24123 5373477104 4224588415
Prefetch-Next 6 2088 4364 60303558220 22042 10226178328 22319 5468525301 3604848512
Prefetch-Next 7 2024 3319 99374937543 43726 24323659908 39510 6135260375 -3501717308.0
Prefetch-Next 8 2035 3092 127025325185 108381 29603442564 71572 6943136645 -6434469756.0
Prefetch-Next 9 2021 3359 130597791092 154622 28654133972 132783 8336442164 -6257702896.0
Prefetch-Next 10 1885 3338 147369247709 447379 31144348430 326835 10099995274 -7343113358.0
Prefetch-Next 11 1724 3372 161513327562 698315 32843160332 558916 11737782283 -7986311922.0
Prefetch-Next 12 1614 3292 180829809157 1190645 35591958334 700082 14398246550 -9117793540.0
Prefetch-Next 13 1557 3251 199613761363 1471177 38078131172 909017 16599494912 -10175160010.0
Prefetch-Next 14 1524 3215 217113509539 1355998 40508939490 832995 19077265410 -10951467512.0
Prefetch-Next 15 1511 3184 235737522801 1038254 43502082168 620066 21026867787 -12053224158.0
Prefetch-Next 16 1474 3153 254375463725 1352257 46455689476 713693 22949622377 -13081367497.0
Transition 1 1395 1662 19542120363 8931 2843375474 12022 5097671443 2756229078
Transition 2 1769 3165 20722992921 9168 2886647726 13281 5071588576 3006376536
Transition 3 1938 4548 22172998202 9851 3046888206 15431 5167810274 3138215432
Transition 4 2008 5391 26263589829 9585 3604917422 13817 5221105090 3555739077
Transition 5 2069 5817 33032587970 17164 4391104772 22997 5235969303 3602530650
Transition 6 2075 4895 60495583969 22464 29183358 25568 5594345889 3798973711
Transition 7 2039 4965 71250622822 44363 25497892 42192 6365592598 3945474291
Transition 8 2057 5207 77239605747 93337 148015570 64960 6759111839 4120808440
Transition 9 2006 5011 92831581584 267623 32283874 171046 8657821728 4218617041
Transition 10 1883 5384 94856763500 418442 171784328 304392 8809504056 4301721858
Transition 11 1726 5629 99080197959 454612 205220608 392638 10006290067 4444947177
Transition 12 1613 5570 110018350780 636640 117222314 536489 11893397910 4576041164
Transition 13 1554 5296 124151517716 947576 126598884 647329 15428003661 4719392997
Transition 14 1528 5602 128099305104 695367 36626272 571408 14669904415 4863112525
Transition 15 1510 5684 135389615761 593278 17592626 450369 15653310909 4999125077
Transition 16 1472 5663 144620746983 426117 7282768 373218 17124332506 5154852853
Naive 1 1426 817 51587137725 7927682552 0 3937021894 5042149787 2397205805
Naive 2 1844 1578 53489379476 7953884585 0 4147135151 5124103641 2496264722
Naive 3 1942 2311 54729675353 8374307902 0 4432173597 5158558816 2513439820
Naive 4 2019 2974 55613440616 9628104026 0 4629904129 5223298414 2590257509
Naive 5 2089 3530 56883506185 12486348445 0 4906215147 5326500204 2710065993
Naive 6 2106 3935 58654011584 17073379809 0 5081602917 5537826424 2815505400
Naive 7 2079 4392 60743235092 18435507276 0 5205233076 6132485605 2913489134
Naive 8 2038 4676 63478301464 21995134020 0 5306692801 6710911739 3033679386
Naive 9 1933 4902 68507567122 24148253564 0 5367234524 7387066982 3126209794
Naive 10 1777 5006 75484467377 25848392474 0 5447677725 8426410585 3241430301
Naive 11 1642 5152 82878335439 25932562167 0 5375356454 9350006149 3243979445
Naive 12 1565 5272 88692168173 26391517733 0 5468663234 10662989244 3347658213
Naive 13 1523 5433 94592601638 26678910922 0 5625085431 11274077381 3404630375
Naive 14 1508 5413 103740630508 27657137878 0 5731712673 12735070250 3451512821
Naive 15 1495 5289 115177780608 28572940656 0 5805504482 15845654818 3494736698
Naive 16 1466 5649 116690639962 30712610233 0 6030070839 13237125937 3536131101
Speculation-64 1 1381 1342 31071901481 7850 0 10757 5099883816 3348008198
Speculation-64 2 1777 2576 32524012234 10479 0 12716 5132040555 3468367921
Speculation-64 3 1923 3752 33898138507 10270 0 11857 5158124803 3518102208
Speculation-64 4 2020 4609 37849989583 12745 0 14292 5180711252 3605654675
Speculation-64 5 2069 4961 45810272082 11067 0 13614 5382881348 3851484043
Speculation-64 6 2074 4893 60481841317 27789 0 28525 5615721154 3828211190
Speculation-64 7 2079 5077 69593608037 56677 0 64610 5997177439 3885642997
Speculation-64 8 2052 5204 77711542457 83456 0 68555 6730587181 4100945493
Speculation-64 9 2024 5268 87415394002 154913 0 112006 7452032779 4195636839
Speculation-64 10 1902 5458 93488536474 300716 0 217922 8696386149 4360962916
Speculation-64 11 1737 5548 101085002696 362233 0 312515 10121726199 4525555038
Speculation-64 12 1620 5527 110619289644 637410 0 484382 11728153249 4631726357
Speculation-64 13 1558 5594 118926034183 712296 0 556726 12991879952 4758158159
Speculation-64 14 1527 5497 129947760206 794914 0 628603 15103944152 4844023221
Speculation-64 15 1510 5612 137475759753 686693 0 490685 16334252999 4978673393
Speculation-64 16 1484 5670 144680009076 429118 0 283773 17152824058 5113597815
Prefetch-Next 1 1396 1647 19765707240 6820 2923705180 9909 5055198574 2820183092
Prefetch-Next 2 1778 3188 20283312594 13465 2863904446 13306 5188833346 3082641139
Prefetch-Next 3 1919 4585 21734269206 9610 2978244046 14572 5191932687 3245642044
Prefetch-Next 4 2016 5282 26614619539 14167 3719019056 18153 5226705636 4094171786
Prefetch-Next 5 2070 5653 33488806758 15261 4523983052 22814 5366335930 4280453352
Prefetch-Next 6 2077 4755 53388697367 28716 8772995552 33214 5678487077 3931723420
Prefetch-Next 7 2046 3543 91984421448 44935 21487222346 43923 6069764915 -2512205812.0
Prefetch-Next 8 2050 3309 116402440080 64401 26866263578 55378 7069040621 -5259678990.0
Prefetch-Next 9 2016 3351 131323503447 245445 28751348982 182050 8341212373 -6340659069.0
Prefetch-Next 10 1888 3364 146192717630 405387 30783923344 276360 10201010715 -7177292960.0
Prefetch-Next 11 1725 3367 161141264707 652492 32788276294 501284 11960124337 -7903877666.0
Prefetch-Next 12 1614 3304 180356203931 1005753 35557886450 615128 14001928108 -9130571545.0
Prefetch-Next 13 1551 3277 197119605517 1335678 37815007726 895904 16111865217 -9886004113.0
Prefetch-Next 14 1523 3223 216545687443 1333128 40527451426 758173 18709160056 -10941465194.0
Prefetch-Next 15 1509 3184 235194790037 1109035 43328017764 658605 21179964427 -11922669364.0
Prefetch-Next 16 1473 3164 252038262335 1530417 45897374808 757720 23241631151 -12713036543.0
Transition 1 1378 1655 19700680685 10456 2857407256 13928 5063959620 2770554854
Transition 2 1799 3184 20500228946 10020 2876308538 13826 5116097369 2988484805
Transition 3 1932 4452 22821433310 9315 3165863726 13184 5151300686 3209483394
Transition 4 2019 5348 26555547079 13202 3616133548 17170 5218308675 3573271724
Transition 5 2066 5694 33765055048 15202 4497273610 19657 5393315292 3709778163
Transition 6 2065 4895 60361761376 30031 46740644 29079 5673430058 3803567437
Transition 7 2036 5019 70650521504 37392 42149726 43473 6058654878 3892558273
Transition 8 2012 5046 81226495920 73638 44630660 52316 6784116147 4108058150
Transition 9 2017 5199 88793720476 224362 99741140 148407 7554248894 4195899418
Transition 10 1886 5315 96033757481 369099 159187150 271879 8926151908 4348343693
Transition 11 1725 5527 100944849936 586209 195092798 502817 10228622198 4495257349
Transition 12 1614 5494 111000940167 733011 128946654 531720 12401783666 4613660150
Transition 13 1555 5281 124638938445 891118 127185724 573640 15899135317 4720827700
Transition 14 1522 5677 126764159478 705647 16166626 562363 14103154167 4869181886
Transition 15 1510 5659 136249062531 595768 6914408 476844 15970778712 4983849379
Transition 16 1484 5665 145300195459 655341 3159694 458194 17868005137 5126611660
Naive 1 1416 812 52190474683 7775139814 0 3876958707 5114026619 2393083340
Naive 2 1872 1580 53510172863 7698251199 0 4135939817 5149512616 2488069888
Naive 3 1936 2316 54368051215 8467544084 0 4423141037 5158386110 2542730305
Naive 4 2017 2975 55635704847 9533793236 0 4672249346 5228102270 2597189097
Naive 5 2084 3490 57060154194 13088004328 0 4947102950 5374622576 2758813130
Naive 6 2085 4056 58901493951 13927720754 0 5067103000 5635804765 2823818830
Naive 7 2074 4345 60213716902 20721641104 0 5176766907 5883847494 2832789973
Naive 8 2020 4690 63444241269 21855609593 0 5268241018 6744099510 3009657865
Naive 9 1942 4919 68062753297 24667531288 0 5370508697 7117579634 3082642991
Naive 10 1778 4959 76228301637 26364219537 0 5383556171 8984893031 3171192596
Naive 11 1642 5104 83379387749 26749169906 0 5410045760 9686287013 3205868962
Naive 12 1562 5305 88204205933 26182113567 0 5508179563 10359933024 3337880115
Naive 13 1529 5305 96635074632 26773388426 0 5619082816 12440598350 3402122173
Naive 14 1510 5104 110196062219 27436362913 0 5614545987 16958046958 3435153269
Naive 15 1506 5591 109716690483 28992037396 0 5886929413 12652154642 3469617946
Naive 16 1474 5681 116266117162 30409731622 0 6047045775 13087805905 3522070147
Speculation-64 1 1396 1338 31313365736 8693 0 12469 5106394225 3342591968
Speculation-64 2 1771 2604 32182714918 11050 0 13976 5148384021 3435889935
Speculation-64 3 1938 3746 34041514619 9770 0 13567 5149921290 3489986566
Speculation-64 4 2033 4646 37746740874 14822 0 16700 5189967739 3541695744
Speculation-64 5 2077 5144 43987790266 14133 0 23630 5364988030 3705641648
Speculation-64 6 2067 5172 56015145281 22192 0 25805 5575220062 3763290171
Speculation-64 7 2022 5061 69970308707 67119 0 63535 5911245288 3881312231
Speculation-64 8 2048 5198 78026869247 102096 0 76582 6673897077 4087403338
Speculation-64 9 2019 5307 86672521865 144649 0 112757 7456815851 4205551744
Speculation-64 10 1896 5321 95722781210 391290 0 268785 9141176491 4331685819
Speculation-64 11 1735 5548 101164791563 477533 0 386597 10117506138 4446173727
Speculation-64 12 1622 5618 108571498912 612865 0 488757 11491437927 4618842066
Speculation-64 13 1559 5389 121793920675 931996 0 606263 14558798133 4740987554
Speculation-64 14 1525 5476 130754147706 849324 0 642189 15353010257 4844250531
Speculation-64 15 1502 5671 135267643255 580524 0 466501 16098309077 5012293945
Speculation-64 16 1476 5678 144623471115 613127 0 449966 17238514481 5154418319
Prefetch-Next 1 1390 1654 19548620174 8116 2870498134 10227 5087859081 2848561543
Prefetch-Next 2 1804 3148 20726358611 12140 2895444542 14018 5130152778 3104757569
Prefetch-Next 3 1931 4502 22235322421 9391 3081091140 13820 5157851671 3364983495
Prefetch-Next 4 2008 5244 26767136153 17994 3775084742 17525 5228779748 4100892941
Prefetch-Next 5 2075 5459 34944701646 18586 4828276532 23980 5374285027 4608083555
Prefetch-Next 6 2090 4645 54795752368 34774 8958745018 32728 5722801660 3804585622
Prefetch-Next 7 2061 3187 103183241461 57417 26257232472 56738 6425171618 -3606141451.0
Prefetch-Next 8 2037 3195 121361043464 77482 28183461750 54800 7045404156 -5742813539.0
Prefetch-Next 9 2017 3318 133109180969 236512 29179105206 184003 8438467152 -6508269001.0
Prefetch-Next 10 1887 3371 145776872814 463035 30728903692 310784 10284284029 -7121050532.0
Prefetch-Next 11 1729 3349 162470027008 637362 33021762658 481449 12174854404 -8030590570.0
Prefetch-Next 12 1615 3313 179829822315 846937 35391254450 557471 14081455852 -8895651853.0
Prefetch-Next 13 1555 3266 198005334176 1127651 37944192942 741495 16761529535 -9928522830.0
Prefetch-Next 14 1517 3221 217564290528 1446034 40734120314 801833 18823898694 -10955700968.0
Prefetch-Next 15 1503 3191 233709805282 1037951 43097974256 611226 21405786050 -11795869511.0
Prefetch-Next 16 1475 3160 252617523721 1543637 46239955282 865972 23384058848 -12659328417.0
Transition 1 1377 1639 19770213891 8676 2907526516 12119 5122851844 2805870477
Transition 2 1815 3152 20769730548 12483 2900941004 16769 5115025959 3009413831
Transition 3 1920 4449 22633419452 10011 3147997924 13021 5190725806 3275596026
Transition 4 2007 5356 26320597132 12366 3526220484 13593 5280607489 3543078173
Transition 5 2056 5576 34346217523 15705 4549396210 23944 5373915736 3842286958
Transition 6 2068 4924 58924223451 33638 333918468 33247 5632436724 3877214649
Transition 7 2045 4975 71392972606 34150 14220664 39823 6059662354 3927910367
Transition 8 2048 5022 82149809283 100210 18759634 73407 6673657786 4092297529
Transition 9 2014 5226 88255699575 190700 103904538 146502 7558875739 4161028824
Transition 10 1885 5526 91533946785 276715 245960332 230909 8712840123 4311482281
Transition 11 1722 5625 99372595126 452328 182643698 365907 9963280683 4442489274
Transition 12 1613 5590 109643864892 614707 99743882 486381 11765241381 4567834596
Transition 13 1556 5550 119687232348 750094 80565204 582143 13452147442 4732093577
Transition 14 1523 5273 135493123845 868878 83850248 590169 17202356391 4803966860
Transition 15 1513 5647 136601113613 599890 11441378 486336 15918881084 4965414567
Transition 16 1481 5655 145288369872 523721 3090684 423246 17191509339 5111607329
