file_system num_job first_bandwidth(MiB/s) second_bandwidth(MiB/s) second_cmp_lat(ns) second_fp_lat(ns) second_prefetch_lat(ns) second_lookup_lat(ns) second_others_lat(ns) second_lat(ns)
Naive 1 1476 806 53644349259 5103603888 0 3787579595 9690670436 72226203180
Naive 2 1936 1537 56481890088 5242066956 0 3865367973 9988686639 75578011657
Naive 3 2055 2245 57795436255 5405318930 0 4025813622 10444781948 77671350756
Naive 4 2098 2938 59147047752 5417212818 0 4137182844 10444812834 79146256250
Naive 5 2158 3608 60226117768 5517576258 0 4245216398 10768887896 80757798322
Naive 6 2166 4220 61905965379 5614167492 0 4337954896 10808068387 82666156156
Naive 7 2153 4712 63750404774 6114547316 0 4497164126 11643128311 86005244529
Naive 8 2122 5218 66119569998 6206386029 0 4598921715 11944367915 88869245659
Naive 9 2029 5573 70287354499 6372891855 0 4655979666 12595712095 93911938116
Naive 10 1830 5796 76459333896 6413985863 0 4725120670 13287923060 100886363490
Naive 11 1660 5893 84263601679 6490243658 0 4806942780 14214073064 109774861183
Naive 12 1557 5923 91949037267 6952532753 0 4909910617 15653127680 119464608318
Naive 13 1507 5950 101146727502 7019056329 0 4938561700 16819389544 129923735076
Naive 14 1477 5938 111710798809 7013108366 0 4942724984 17425647897 141092280057
Naive 15 1443 5914 122500134908 7014967384 0 4985674332 18400320615 152901097240
Naive 16 1384 5897 133331337722 7233494134 0 4965177083 19123319340 164653328281
Speculation-64 1 1445 1480 32028757067 128731916 0 17095468 3110082895 35284667347
Speculation-64 2 1922 2830 33423993620 118663645 0 19689489 3216406891 36778753645
Speculation-64 3 2051 4077 34875295617 195844872 0 42094586 3439421982 38552657057
Speculation-64 4 2099 5101 38020612304 115226100 0 18774219 3310233831 41464846455
Speculation-64 5 2159 5634 44411561069 189950437 0 43140811 3511399034 48156051352
Speculation-64 6 2167 5949 52014818848 169945696 0 19950894 3468045417 55672760857
Speculation-64 7 2151 6006 62293085727 218419648 0 20746252 3486225308 66018476936
Speculation-64 8 2120 5965 72922014373 300772699 0 22725703 3700329194 76945841970
Speculation-64 9 2030 5759 85509261395 198971656 0 57199150 4138463711 89903895912
Speculation-64 10 1836 5713 97521061823 196934126 0 63047224 4317566232 102098609406
Speculation-64 11 1664 5671 109423668781 194287691 0 75459733 4634126467 114327542673
Speculation-64 12 1559 5623 121641770414 198890100 0 83524298 4902731462 126826916275
Speculation-64 13 1509 5603 132896905707 199024262 0 90733609 5122369762 138309033341
Speculation-64 14 1479 5551 145201218437 200647059 0 99689289 5305781426 150807336213
Speculation-64 15 1446 5527 156756942308 200441262 0 103466003 5437610862 162498460437
Speculation-64 16 1375 5510 165185435414 679271928 0 52368172 5193506677 171110582192
Prefetch-Next 1 1442 1899 19885265019 131740099 2850789261 17774345 2555658009 25441226735
Prefetch-Next 2 1919 3639 20853585061 123371794 2853653014 18601407 2718291280 26567502557
Prefetch-Next 3 2049 4924 23630180200 196175619 3263179477 43164813 3171593600 30304293711
Prefetch-Next 4 2095 5630 28563655930 159551424 4182345162 20659514 3754033571 36680245603
Prefetch-Next 5 2157 5814 35567762080 193748490 5404184432 43912787 5250124265 46459732055
Prefetch-Next 6 2167 5305 49458101090 244580809 9060318563 19761056 5108488316 63891249835
Prefetch-Next 7 2150 4075 79713599754 319807602 20542771267 21070270 1179689160 101776938054
Prefetch-Next 8 2119 3578 106070359075 429690617 28589669785 23170877 -430094990.6 134682795364
Prefetch-Next 9 2024 3439 126033291765 198847931 33598825723 65070052 -972501685.4 158923533787
Prefetch-Next 10 1829 3266 151138583548 198042786 39684285473 92680625 -2838545033.0 188275047400
Prefetch-Next 11 1658 3211 174068225075 207696720 43045071688 103733531 -6096385372.4 211328341644
Prefetch-Next 12 1557 3181 196518861250 207554325 45745357910 114902079 -9317046502.2 233269629063
Prefetch-Next 13 1508 3176 216868075006 202844289 47171253224 125170980 -11983811728.8 252383531771
Prefetch-Next 14 1476 3167 235567834553 195933175 48331368031 139157778 -13507719019.8 270726574519
Prefetch-Next 15 1448 3157 253907535823 199638283 49660589315 143404331 -14821071976.6 289090095777
Prefetch-Next 16 1377 3140 272573406350 1186263317 51421268859 80992816 -16427467455.0 308834463889
Transition 1 1455 1168 26743116793 4909580557 0 3775135067 11592582579 47020414998
Transition 2 1935 2223 27887256041 5106417612 0 3909271642 12464554311 49367499608
Transition 3 2074 3198 29021915186 5234698469 0 4062274376 13306808981 51625697013
Transition 4 2097 4115 30800777440 5306171411 0 4138577198 13463898943 53709424993
Transition 5 2158 4839 33935952613 5289596927 0 4223960191 14244492559 57694002291
Transition 6 2165 5079 43046582363 5358709091 0 4354272676 14593074077 67352638208
Transition 7 2151 4681 61196918693 5828318864 0 4529780960 15568997260 87124015778
Transition 8 2121 4115 88674602078 5968414252 0 4683196010 16882066583 116208278925
Transition 9 2030 3853 110787983927 6123825346 0 5022509313 19353130564 141287449151
Transition 10 1835 3741 128954315166 6178475608 0 5588051522 22405930715 163126773013
Transition 11 1663 3710 141228581094 6536152376 0 6373226015 27234201416 181372160902
Transition 12 1558 3657 153731930198 6568256960 0 7392919741 34228314374 201921421274
Transition 13 1509 3592 165490877554 6760819326 0 8644952290 42475190029 223371839201
Transition 14 1477 3514 178511654453 6767966130 0 10227267064 51144854214 246651741862
Transition 15 1446 3446 191337326365 6776339064 0 11991141946 59781393432 269886200809
Transition 16 1374 3391 203500464108 6845884372 0 13848001216 68096829648 292291179344
