file_system file_size num_job read write t
Volatile-FP 64 1 70187432704 69236655104 40150510945
Simple-Random 64 1 82398144768 74121126144 51717495644
Volatile-FP 64 1 70175316224 69236586496 39969269248
Simple-Random 64 1 82616944896 74129913856 51836011616
Volatile-FP 64 1 70174343168 69237053696 40167031139
Simple-Random 64 1 82667922944 74137537024 51855720059
Volatile-FP 64 1 70197407488 69240409344 40249726106
Simple-Random 64 1 82301780480 74123985664 51718517112
Volatile-FP 64 1 70245853696 69237212416 40147320247
Simple-Random 64 1 82702164992 74144214784 51923648619
