file_system file_size num_job read write t
Volatile-FP 64 1 68889823744 86996480 37071174740
Simple-Random 64 1 77588485120 4429997056 34526797405
Volatile-FP 64 1 68887717376 86610176 36851501298
Simple-Random 64 1 77586129152 4429440256 34637580310
Volatile-FP 64 1 68887137024 86905088 37110677364
Simple-Random 64 1 77587407872 4429571328 34631684985
Volatile-FP 64 1 68887641344 86830336 37086412668
Simple-Random 64 1 77587022592 4429821952 34581857096
Volatile-FP 64 1 68886132480 86865920 37018931935
Simple-Random 64 1 77588097024 4429928704 34597677374
