file_system file_size read write time
Volatile-FP 128 71640630272 69755614976 46621.552
Region-based 128 75509637120 71931166464 53182.091
Fine-grained 128 85270568704 76627484160 61031.371
Volatile-FP 128 71951773184 69864804608 47907.942
Region-based 128 75702824448 72039144704 53278.276
Fine-grained 128 85186140160 76593316608 60722.576
Volatile-FP 128 71844968192 69829762816 48237.318
Region-based 128 75961260032 72160695552 54532.804
Fine-grained 128 85375228928 76676219904 61677.276
Volatile-FP 128 71814341120 69818143488 47684.588
Region-based 128 75717806080 72038013184 53633.056
Fine-grained 128 84861987072 76426872576 61329.858
Volatile-FP 128 71727517184 69787277824 47593.227
Region-based 128 75488089600 71933308672 53360.568
Fine-grained 128 85022211072 76516602624 60667.161
