file_system file_size read write time
Volatile-FP 128 140617166592 138568896768 79551.216
Region-based 128 144833285888 141202705920 83272.161
Fine-grained 128 144499970560 141081065216 83426.816
Volatile-FP 128 140594977280 138566396416 79440.55
Region-based 128 144541652736 141097804288 82051.937
Fine-grained 128 144939398656 141239697408 86345.468
Volatile-FP 128 140420932608 138495375616 78947.398
Region-based 128 144490949632 141083550976 82568.254
Fine-grained 128 144566220800 141104043008 84927.896
Volatile-FP 128 140366383360 138479336448 78639.927
Region-based 128 144470881024 141071785728 82639.05
Fine-grained 128 144920962560 141222924288 87356.254
Volatile-FP 128 140647775488 138580190464 79948.573
Region-based 128 144457480448 141066350080 81613.459
Fine-grained 128 144690082560 141145900288 85004.686
