dup_rate whole_time strong_fp_time weak_fp_time IO_time others bw
0 4041822413 466003 173859384 1013232103 2854264923 792
25 6678282207 2579749707 225576168 938692082 2934264250 522
50 10646527308 6839268228 347482720 546338152 2913438208 347
75 9775314769 6321724297 348628306 234282867 2870679299 375
0 4029519745 550192 172012536 1020387018 2836569999 795
25 6568955549 2561050403 222217080 891444101 2894243965 532
50 10612447342 6858518184 346589536 511170831 2896168791 348
75 9765214710 6353396747 346972123 238673486 2826172354 375
0 4018370765 477590 174948466 1009347268 2833597441 796
25 6567233159 2525106352 219815064 906692649 2915619094 532
50 10675388821 6884431359 347546466 553246599 2890164397 346
75 9704915462 6301078655 345451937 231595405 2826789465 377
0 4024492426 450584 176400572 994683138 2852958132 793
25 6652180858 2553991932 222141467 940093719 2935953740 525
50 10593026448 6839388420 345945435 544727113 2862965480 349
75 9801769530 6349499143 349129059 233343941 2869797387 374
0 4045629167 533899 177331542 999131286 2868632440 789
25 6580840476 2522532434 218960292 954598331 2884749419 530
50 10548168862 6797648687 339498189 516252530 2894769456 350
75 9788434667 6366816284 349782735 233827135 2838008513 374
