file_system file_size num_job read write t
Volatile-FP 64 1 70282930944 69261562880 35866821807
Simple-Random 64 1 82384006656 74096420864 68424277239
Volatile-FP 64 1 70214029824 69241175552 35637798031
Simple-Random 64 1 82511038720 74099496448 68396953525
Volatile-FP 64 1 70195828480 69232728064 35416814453
Simple-Random 64 1 82170076672 74095270912 68386812025
Volatile-FP 64 1 70249375488 69250692608 35943256293
Simple-Random 64 1 82552717824 74125964288 68405351721
Volatile-FP 64 1 70265610240 69256975872 36064750424
Simple-Random 64 1 82127528448 74086843136 68299879491
