file_system file_size num_job read write t
Volatile-FP 64 1 68839463680 70033408 28704824495
Simple-Random 64 1 77596284928 4422093312 29879328676
Volatile-FP 64 1 68840474112 70071808 28670507217
Simple-Random 64 1 77589943296 4421378304 29700337410
Volatile-FP 64 1 68841548288 69913088 28643728775
Simple-Random 64 1 77591877120 4422145024 29754315748
Volatile-FP 64 1 68839445248 69932544 28540040506
Simple-Random 64 1 77591534336 4421751040 29756498323
Volatile-FP 64 1 68843114752 70035968 28594872009
Simple-Random 64 1 77592760320 4422250496 29833940728
