file_system num_job first_bandwidth(MiB/s) second_bandwidth(MiB/s) second_cmp_lat(ns) second_fp_lat(ns) second_prefetch_lat(ns) second_lookup_lat(ns) second_others_lat(ns) second_lat(ns)
Naive 1 1139 747 10627613312 1050442021 0 760962179 1596745665 14035763178
Naive 2 1513 1367 10940532968 1089933730 0 754599063 1669732702 14454798464
Naive 4 1742 2380 11270871694 1110977264 0 756056435 1784939063 14922844457
Naive 8 1821 3627 12777066062 1279879786 0 802301981 2199178969 17058426800
Naive 16 1195 3927 26467157480 1410471367 0 883875006 3066408753 31827912608
Prefetch-Cmp-64 1 1180 1016 5765726297 1053368398 0 768771330 1653226999 9241093025
Prefetch-Cmp-64 2 1568 1825 5938404729 1092435105 0 761356800 1711893483 9504090118
Prefetch-Cmp-64 4 1792 3026 6327590006 1113910944 0 761740947 1841259645 10044501543
Prefetch-Cmp-64 8 1775 3915 10143825349 1288533227 0 820106490 2375518697 14627983765
Prefetch-Cmp-64 16 1183 3848 22596762423 1413689818 0 1505547656 4561740285 30077740182
Prefetch-Cmp-256-64 1 1167 1104 4418532525 1052842879 0 759051925 1957694952 8188122283
Prefetch-Cmp-256-64 2 1568 1954 4579963357 1090622597 0 762257757 2095754401 8528598113
Prefetch-Cmp-256-64 4 1787 3177 5026027609 1109191817 0 762772865 2337046016 9235038308
Prefetch-Cmp-256-64 8 1774 3829 10000036558 1266857671 0 817539795 3259196397 15343630423
Prefetch-Cmp-256-64 16 1184 2783 37182240979 1408390768 0 2019000376 8983988884 49593621008
Prefetch-Current 1 1170 1225 2972286110 1041140883 160957223 800314433 1996373563 6971072213
Prefetch-Current 2 1572 2150 3103637315 1086821291 182402583 804412886 2079401582 7256675659
Prefetch-Current 4 1785 3352 3700413196 1097483180 395207934 895471988 2264252457 8352828756
Prefetch-Current 8 1772 3555 10414403816 1281631059 1504232839 1348904979 2987551123 17536723818
Prefetch-Current 16 1181 2653 33438234145 1402432123 5103438370 3574922630 8036838509 51555865778
Speculation 1 1182 1310 5030754115 43427802 0 48617443 1165514902 6288314263
Speculation 2 1589 2281 5217562766 46369369 0 49055794 1242047417 6555035348
Speculation 4 1792 3444 6451971965 47266901 0 48472669 1384567545 7932279081
Speculation 8 1764 3530 15804928123 53225669 0 50194795 1772149829 17680498417
Speculation 16 1180 2664 48034454098 58319000 0 124787394 3204426827 51421987320
Prefetch-Next 1 1199 1395 3866878611 43949499 503131908 48453140 1184561908 5646975068
Prefetch-Next 2 1596 2410 4024759366 46191825 512952200 48355318 1281472475 5913731185
Prefetch-Next 4 1789 3559 5093079921 45975367 669521964 48225799 1560688044 7417491097
Prefetch-Next 8 1766 3182 16009733621 53639221 3468198802 51011131 1331487917 20914070693
Prefetch-Next 16 1183 2575 43234111987 58351585 8830025087 131738749 1037453357 53291680766
