file_system num_job first_bandwidth(MiB/s) second_bandwidth(MiB/s) second_cmp_lat(ns) second_fp_lat(ns) second_prefetch_lat(ns) second_lookup_lat(ns) second_others_lat(ns) second_lat(ns)
Naive 1 1626 871 51974808813 4903211004 0 3725713479 5605796866 66209530163
Naive 2 1914 1678 53717805518 5126033861 0 3902799456 5767641434 68514280271
Naive 3 2007 2474 54738098559 5192601685 0 4012439161 5805393077 69748532483
Naive 4 2068 3223 56076395395 5287442282 0 4147406190 5920489845 71431733714
Naive 5 2125 3963 57182326701 5299950697 0 4228225395 6020264630 72730767424
Naive 6 2135 4656 58806264779 5321518820 0 4329586982 5979703882 74437074465
Naive 7 2116 5233 61330954207 5454760718 0 4450081771 6104317879 77340114577
Naive 8 2063 5579 65504457433 5986162419 0 4618183677 6561318009 82670121539
Naive 9 1936 5882 70892085920 6153980699 0 4680342620 6923293949 88649703188
Naive 10 1745 6017 78878315616 6163843545 0 4756462662 7374840254 97173462078
Naive 11 1595 6066 87807986152 6245699398 0 4831937830 7983412703 106869036084
Naive 12 1492 6059 96546574586 6677352336 0 4972292573 8842529122 117038748618
Naive 13 1425 6080 105960477076 6811505619 0 5003590327 9533122997 127308696021
Naive 14 1381 6050 116793775635 6812187953 0 5059566997 10121785752 138787316338
Naive 15 1342 6006 127870184267 6813102958 0 5150947472 10854604185 150688838883
Naive 16 1287 5956 138955893746 6816847264 0 5306366706 11793951505 162873059222
Speculation-64 1 1590 1493 31792720096 6881 0 13435 3166087475 34958827889
Speculation-64 2 1886 2845 33314414801 6425 0 12248 3284724024 36599157499
Speculation-64 3 1996 4110 34853532395 7039 0 13075 3333931976 38187484485
Speculation-64 4 2055 5126 37954481289 9964 0 19258 3395464598 41349975109
Speculation-64 5 2121 5796 43349778223 12732 0 24794 3400782968 46750598719
Speculation-64 6 2134 6017 51877090492 21304 0 40583 3466598009 55343750390
Speculation-64 7 2117 6061 61999208401 37441 0 72747 3519482571 65518801162
Speculation-64 8 2068 6001 72532979947 71751 0 136350 3784891800 76318079849
Speculation-64 9 1949 5921 84067017081 141966 0 257392 3922949986 87990366426
Speculation-64 10 1755 5805 96956571880 223228 0 439457 4007130235 100964364801
Speculation-64 11 1601 5716 109582392880 345987 0 745741 4137731157 113721215766
Speculation-64 12 1496 5652 121630098101 474720 0 1107874 4353223872 125984904568
Speculation-64 13 1429 5650 132801574774 596576 0 1369772 4461188264 137264729387
Speculation-64 14 1386 5612 144808836831 746118 0 1842523 4543766150 149355191623
Speculation-64 15 1349 5583 155768021228 884737 0 2385452 4619003379 160390294797
Speculation-64 16 1295 5559 166517647481 943010 0 2702997 4689442694 171210736184
Prefetch-Next 1 1607 1910 19978715999 4714 2729365129 9703 2637428853 25345524400
Prefetch-Next 2 1887 3658 20929202389 6652 2754226144 12502 2795525985 26478973673
Prefetch-Next 3 2003 4979 23704071256 7506 3184432800 14061 3052505683 29941031308
Prefetch-Next 4 2068 5707 28486191623 9363 4002115376 17708 3704509570 36192843641
Prefetch-Next 5 2121 5967 35221866677 13890 5146330953 26392 4769418937 45137656850
Prefetch-Next 6 2134 5436 49096189163 21725 8646411802 42953 4685214484 62427880129
Prefetch-Next 7 2116 4272 77054583431 42488 18340487582 78884 1834317388 97229509774
Prefetch-Next 8 2068 3613 106574377422 72958 27583292386 137400 -255705526.4 133902174641
Prefetch-Next 9 1949 3349 130968956818 212472 34628495941 396879 -1003783816.4 164594278295
Prefetch-Next 10 1757 3261 153291808012 366903 38765636949 732552 -3677858498.0 188380685919
Prefetch-Next 11 1602 3204 175685704582 591637 42623213931 1320066 -6371879568.8 211938950649
Prefetch-Next 12 1494 3181 198086914282 824390 44809829231 2042464 -9896471925.6 233003138443
Prefetch-Next 13 1429 3176 217950059828 1019570 46015443784 2588320 -12541064096.6 251428047407
Prefetch-Next 14 1389 3162 238885300348 1218533 47658838996 3275785 -14647408177.8 271901225486
Prefetch-Next 15 1348 3165 256755984496 1483174 48745696705 4004139 -15932547442.4 289574621073
Prefetch-Next 16 1294 3153 274059307068 1647186 49957052343 4799622 -16881204866.2 307141601355
Transition 1 1587 1911 19860867738 5471 2891987346 12318 2588235565 25341108440
Transition 2 1896 3646 20941568968 6446 2877739477 11916 2780804946 26600131755
Transition 3 1999 4970 23574794340 6522 3303174260 12489 3083336351 29961323963
Transition 4 2057 5719 28191027306 10250 4135166674 19912 3800098236 36126322378
Transition 5 2119 5993 34655293271 14481 5291559498 27944 4949993208 44896888403
Transition 6 2133 6059 46424985287 21272 3722890506 41091 4809301787 54957239945
Transition 7 2116 6055 60091454849 34426 1516945054 66512 4125222867 65733723710
Transition 8 2067 5988 71945232301 68409 530185882 122798 3983807203 76459416594
Transition 9 1942 5907 84135413241 113910 177167544 207811 3988922597 88301825104
Transition 10 1752 5811 96900294585 211624 76008776 407538 4038174568 101015097093
Transition 11 1596 5737 109426592439 324466 20830309 652370 4159089509 113607489094
Transition 12 1493 5677 121366056510 461812 12872185 1031813 4397328886 125777751208
Transition 13 1427 5649 133017592625 579455 15252623 1267562 4491773521 137526465787
Transition 14 1388 5622 144339306832 747209 19693049 1728379 4559791438 148921266909
Transition 15 1351 5604 155660746289 835950 23127586 2164585 4632872495 160319746907
Transition 16 1290 5591 165533899807 848760 48928694 2423777 4687765931 170273866971
