dup_rate whole_time strong_fp_time weak_fp_time IO_time others bw
0 4091021743 529773 176799268 1047353322 2866339380 785
25 6608336851 2543769063 224520265 926904538 2913142985 527
50 10688725092 6913488614 356144766 515353128 2903738584 345
75 9858301498 6419593846 353267826 239509576 2845930250 372
0 4099403543 479570 172050509 1061694290 2865179174 783
25 6617978518 2523443910 218917202 951380618 2924236788 528
50 10663070629 6868822804 351260204 511403963 2931583658 346
75 9773386438 6339514971 346368931 239723450 2847779086 374
0 4058751507 517849 179843787 1018010866 2860379005 785
25 6655024204 2563200403 227903987 958108418 2905811396 523
50 10762156954 6969235419 360022782 514992238 2917906515 343
75 10010802504 6501927520 359422510 242437106 2907015368 366
0 4233460512 405351 180562988 1121218090 2931274083 759
25 6749997246 2546782696 224431583 1026449156 2952333811 517
50 10807947933 6972348059 360313687 537845553 2937440634 341
75 10022775580 6524250245 362764770 235113420 2900647145 365
0 4092647790 346288 172239698 1064703611 2855358193 783
25 6688637085 2568766912 223740623 953787675 2942341875 523
50 10595073327 6843031981 342130944 520449136 2889461266 348
75 9812798375 6331753672 349099335 253098000 2878847368 373
