file_system num_job first_bandwidth(MiB/s) second_bandwidth(MiB/s) second_cmp_lat(ns) second_fp_lat(ns) second_prefetch_lat(ns) second_lookup_lat(ns) second_others_lat(ns) second_lat(ns)
Naive 1 1491 820 53009487154 5048874106 0 3505415549 9365355608 70929132417
Naive 2 1924 1547 56274507370 5188289917 0 3676838257 9813283052 74952918596
Naive 3 2057 2267 57408837818 5373611699 0 3880937304 10287265556 76950652377
Naive 4 2099 2946 59291317329 5381203271 0 4000233758 10343545055 79016299413
Naive 5 2165 3636 59798363279 5505734838 0 4089162546 10634363615 80027624278
Naive 6 2174 4288 61417926827 5513723561 0 4164945230 10563489864 81660085482
Naive 7 2154 4809 63703561831 5658459514 0 4313262098 10989886726 84665170169
Naive 8 2117 5263 66535854201 5982522934 0 4424619574 11421235504 88364232213
Naive 9 2022 5584 70367833604 6338826569 0 4488373191 12548758472 93743791836
Naive 10 1816 5831 76312177674 6342838760 0 4564363233 13068710878 100288090545
Naive 11 1651 5913 84518231251 6408517350 0 4642744345 14144351999 109713844945
Naive 12 1557 5920 92952011642 6800037181 0 4798413584 15265933762 119816396169
Naive 13 1511 5952 101308863983 7010021850 0 4804611069 16592663860 129716160762
Naive 14 1476 5947 111820958280 7007108735 0 4824517727 17421750742 141074335484
Naive 15 1408 5907 122443295712 7043488695 0 4887471585 18491821419 152866077411
Naive 16 1393 5881 133345215906 7231010360 0 4783516887 19039187593 164398930746
Speculation-64 1 1447 1475 32200014655 129578579 0 17632118 3113546095 35460771447
Speculation-64 2 1931 2852 33222861490 116245830 0 16454573 3186733527 36542295420
Speculation-64 3 2084 4111 34619165614 214168671 0 40249574 3389595892 38263179751
Speculation-64 4 2104 5108 37942856599 112271546 0 17791950 3286974333 41359894428
Speculation-64 5 2160 5674 43977751646 190678744 0 40797958 3508460959 47717689307
Speculation-64 6 2168 5963 52358995354 170599450 0 18746450 3394354085 55942695339
Speculation-64 7 2153 6011 62316262805 208671355 0 19998588 3468186315 66013119063
Speculation-64 8 2120 5976 72827872214 297434834 0 21991155 3662521091 76809819294
Speculation-64 9 2027 5864 84101703865 192649702 0 53175366 4160276271 88507805204
Speculation-64 10 1833 5725 97581320874 195351904 0 61620362 4284627207 102122920347
Speculation-64 11 1662 5670 108939579188 194010061 0 70503666 4613671972 113817764887
Speculation-64 12 1561 5623 122346729616 194099183 0 83926397 4925958034 127550713230
Speculation-64 13 1511 5596 133964452715 207271485 0 83501705 5031343343 139286569248
Speculation-64 14 1484 5568 145171081107 197457603 0 84992923 5065529648 150519061281
Speculation-64 15 1459 5526 155732058024 205249160 0 99149039 5401539157 161437995380
Speculation-64 16 1393 5538 166041728996 682661978 0 50523244 5084201274 171859115492
Prefetch-Next 1 1444 1925 19560931484 132890881 2825976140 16564889 2529475155 25065838549
Prefetch-Next 2 1925 3661 20667462536 123124317 2844275280 19500333 2702397259 26356759725
Prefetch-Next 3 2071 4935 23618553938 188782251 3251728292 41974646 3117816869 30218855996
Prefetch-Next 4 2096 5575 28884211202 157230402 4261368940 18958088 3808550027 37130318659
Prefetch-Next 5 2160 5845 35435417054 190288200 5341070520 42282893 5169628745 46178687412
Prefetch-Next 6 2164 5334 48612404217 274380018 8717238522 19454731 5170125290 62793602778
Prefetch-Next 7 2149 4003 81571142376 302833604 21366117470 20264735 860032282 104120390467
Prefetch-Next 8 2117 3632 104570318801 477735705 28081625076 22477127 -29617135 133122539574
Prefetch-Next 9 2019 3444 125055272682 200972493 33825402146 61652490 -58582101 159084717710
Prefetch-Next 10 1827 3254 151850066169 192697351 40320724894 85690170 -2660315710 189788862874
Prefetch-Next 11 1658 3205 174389756984 192573513 43209398822 111329966 -5924339513 211978719772
Prefetch-Next 12 1558 3179 195110029161 195689455 45373106266 123318304 -8836640862 231965502324
Prefetch-Next 13 1513 3173 216803310968 197816245 47131442650 131154703 -11786904309 252476820257
Prefetch-Next 14 1481 3179 233077689733 194988129 47946488388 136604251 -13292306896 268063463605
Prefetch-Next 15 1461 3157 254391360142 197704254 49766986656 143763496 -15023536381 289476278167
Prefetch-Next 16 1389 3145 273658001201 1202439798 51381155858 80065182 -16662482902 309659179137
Transition 1 1463 1173 26707321795 4869785167 0 3667908685 11665144769 46910160416
Transition 2 1950 2234 27833410570 5056326323 0 3801341123 12403837235 49094915251
Transition 3 2092 3240 28830973883 5160635046 0 3899034268 13122801935 51013445132
Transition 4 2105 4142 30774367478 5256210208 0 4063102216 13395486104 53489166006
Transition 5 2162 4855 33919286621 5255157709 0 4192692341 14169809283 57536945954
Transition 6 2166 5068 43626976443 5284885600 0 4245714614 14470934103 67628510760
Transition 7 2156 4663 62245740485 5702659944 0 4430370171 15409468815 87788239415
Transition 8 2120 4092 90116952023 5834035862 0 4581863418 16661200964 117194052267
Transition 9 2028 3863 110674167556 6104114875 0 5002131812 19139841237 140920255480
Transition 10 1832 3739 129552598998 6105358691 0 5519159630 22162966820 163340084139
Transition 11 1660 3714 142204537591 6243142366 0 6333074164 27141273210 181922027331
Transition 12 1560 3651 154049928022 6535189501 0 7374615732 34299635197 202259368452
Transition 13 1512 3600 165310759549 6756443076 0 8619215535 42442108762 223128526922
Transition 14 1480 3513 179284122873 6767987741 0 10232456516 50933736966 247218304096
Transition 15 1449 3451 190944659917 6780590282 0 11867631883 59976699014 269569581096
Transition 16 1376 3393 203117291370 6839317302 0 13581440996 68370061543 291908111211
