file_system num_job first_bandwidth(MiB/s) second_bandwidth(MiB/s) second_cmp_lat(ns) second_fp_lat(ns) second_prefetch_lat(ns) second_lookup_lat(ns) second_others_lat(ns) second_lat(ns)
Naive 1 1481 807 53560777631 5099629167 0 3766090319 9774830743 72201327860
Naive 2 1957 1548 56291316790 5235204085 0 3718542343 9868762174 75113825392
Naive 3 2074 2241 57894052253 5406888379 0 3966905539 10386328237 77654174408
Naive 4 2098 2945 59049050794 5427608996 0 4054931417 10368097319 78899688526
Naive 5 2161 3613 60349600618 5537044481 0 4177132732 10732346540 80796124371
Naive 6 2164 4229 61820304173 5627993303 0 4271922434 10773924314 82494144224
Naive 7 2151 4687 63720759941 6154347581 0 4460457362 11999004915 86334569799
Naive 8 2122 5201 66180217005 6209872511 0 4606567077 12358572160 89355228753
Naive 9 2028 5571 70276898501 6383033547 0 4608486885 12392483597 93660902530
Naive 10 1826 5792 76492212747 6399939480 0 4641793403 13471313620 101005259250
Naive 11 1659 5886 84254377838 6499287891 0 4746598293 14090386447 109590650469
Naive 12 1557 5922 92397877014 6869018098 0 4855218576 15411231506 119533345194
Naive 13 1507 5957 101479799689 7018510843 0 4837854070 16601577775 129937742377
Naive 14 1479 5935 111853295907 7016910937 0 4867791210 17402168042 141140166096
Naive 15 1445 5918 122758440655 7012170656 0 4933496495 18127579224 152831687030
Naive 16 1378 5904 133657937127 7233897632 0 4876037633 18817575348 164585447740
Speculation-64 1 1461 1480 32063030514 129098203 0 16190806 3108958936 35317278459
Speculation-64 2 1955 2832 33377469342 120514829 0 18110739 3209794072 36725888982
Speculation-64 3 2000 4080 34986867000 191358547 0 40773566 3439156793 38658155906
Speculation-64 4 2108 5104 38021527044 114297771 0 17946523 3313589947 41467361285
Speculation-64 5 2159 5550 45305017614 189290777 0 40705064 3497665259 49032678714
Speculation-64 6 2171 5964 52097670542 169113152 0 18740604 3445910870 55731435168
Speculation-64 7 2153 6023 62077105630 218371874 0 19874897 3480653401 65796005802
Speculation-64 8 2121 5971 72960280252 295663668 0 22016855 3692236355 76970197130
Speculation-64 9 2030 5749 85772706188 194392476 0 69072973 4135158370 90171330007
Speculation-64 10 1835 5722 97325467443 202630983 0 61355305 4312183244 101901636975
Speculation-64 11 1665 5654 109887288241 194161696 0 71663268 4626827377 114779940582
Speculation-64 12 1560 5647 120912287088 213758003 0 78016310 4843463721 126047525122
Speculation-64 13 1509 5598 132584904838 201766212 0 89401586 5114591657 137990664293
Speculation-64 14 1478 5524 145832023721 209118559 0 94392265 5307989356 151443523901
Speculation-64 15 1446 5521 156937591903 196131925 0 102908065 5487439976 162724071869
Speculation-64 16 1387 5418 160948789865 641773259 0 47159932 5404811079 167042534135
Prefetch-Next 1 1432 1904 19789597434 133204359 2841317450 16925737 2601816659 25382861639
Prefetch-Next 2 1888 3692 20755569925 126079315 2871529872 17166290 2623515403 26393860805
Prefetch-Next 3 2077 4940 23625596633 191993769 3254396766 41467171 3146338365 30259792704
Prefetch-Next 4 2096 5638 28532773912 160438874 4207406584 19837841 3778163474 36698620685
Prefetch-Next 5 2160 5804 35755051806 205294564 5418129750 42016866 5182402698 46602895684
Prefetch-Next 6 2170 5360 48855215408 242858605 8877148610 19156553 5101235636 63095614812
Prefetch-Next 7 2151 4060 80096364350 328242546 20729616268 20641750 1162166289 102337031203
Prefetch-Next 8 2119 3516 108105316656 380624657 29508416630 22636374 -328055795 137688938522
Prefetch-Next 9 2023 3433 126067866327 201559421 33916425858 63643623 -511098256 159738396973
Prefetch-Next 10 1828 3269 151295314881 195879329 39550343746 86844581 -3006795461 188121587076
Prefetch-Next 11 1657 3215 175029673659 211288442 42342665350 99777327 -7065478903 210617925875
Prefetch-Next 12 1557 3190 195703744037 215656824 45453845948 108840991 -9181143610 232300944190
Prefetch-Next 13 1507 3169 217333733081 207328447 47071906262 124528673 -12195926925 252541569538
Prefetch-Next 14 1477 3177 233518399063 197368131 47954886624 136261796 -13245435260 268561480354
Prefetch-Next 15 1448 3159 253525424272 206643158 49426637230 138383965 -14805133590 288491955035
Prefetch-Next 16 1376 3145 273600475246 1181876528 51373304870 75411090 -16257245345 309973822389
Transition 1 1460 1161 26823464890 4969889620 0 3913285351 11551481514 47258121375
Transition 2 1942 2202 28034264961 5228953197 0 3925861190 12565553512 49754632860
Transition 3 2079 3165 29188924499 5341925343 0 4135847172 13478927729 52145624743
Transition 4 2093 4098 30813077327 5371547868 0 4148565839 13533829921 53867020955
Transition 5 2153 4814 33925367330 5343365488 0 4254715461 14396018354 57919466633
Transition 6 2161 5080 42878234104 5416706103 0 4298424777 14639193118 67232558102
Transition 7 2152 4690 60402500839 5962837027 0 4567470198 15781159865 86713967929
Transition 8 2123 4115 88577179008 6026694314 0 4634294014 16829864492 116068031828
Transition 9 2029 3839 111552692166 6132973657 0 5011115447 19259709075 141956490345
Transition 10 1833 3739 128755155843 6227936412 0 5547038363 22582994419 163113125037
Transition 11 1664 3711 141167345048 6540229534 0 6340022049 27159134171 181206730802
Transition 12 1557 3666 153148676632 6597799474 0 7288423437 34146308173 201181207716
Transition 13 1508 3597 165392941214 6760098920 0 8570912874 42569831366 223293784374
Transition 14 1478 3513 178700927948 6768327366 0 10165424697 51174764917 246809444928
Transition 15 1448 3449 191510820758 6781961918 0 11929143935 60056797085 270278723696
Transition 16 1376 3394 203684085574 6847004445 0 13706233902 68337329507 292574653428
Naive 1 1477 809 53607969275 5086732999 0 3719276543 9533770757 71947749574
Naive 2 1933 1539 56368943409 5238040711 0 3830667500 10020827547 75458479167
Naive 3 2071 2261 57610517760 5395289179 0 3961191774 10267655275 77234653988
Naive 4 2098 2950 59094838888 5369880141 0 4103391950 10301895033 78870006012
Naive 5 2159 3612 60155694502 5520959233 0 4254723225 10843601535 80774978495
Naive 6 2168 4203 62054399649 5636084936 0 4366212003 10896926728 82953623316
Naive 7 2156 4718 63965384843 6021740583 0 4441538892 11426479867 85855144185
Naive 8 2122 5221 66220751843 6159837550 0 4553751434 11999496114 88933836941
Naive 9 2030 5571 70302149342 6368191512 0 4630931931 12653830512 93955103297
Naive 10 1833 5788 76604391892 6404599244 0 4716376960 13052085801 100777453897
Naive 11 1663 5892 84104034330 6498726273 0 4846010863 14505921099 109954692565
Naive 12 1557 5917 91907611980 6959634390 0 4889377435 15564265852 119320889657
Naive 13 1509 5944 100816132543 7029253391 0 4928838200 16963330206 129737554340
Naive 14 1479 5942 111600414264 7008644239 0 4914667001 17453519898 140977245402
Naive 15 1447 5914 122541127110 7014168920 0 4944448681 18422620723 152922365434
Naive 16 1390 5895 133339310051 7234379592 0 4976511754 19037774403 164587975800
Speculation-64 1 1434 1486 31887150433 128134866 0 17315970 3092857977 35125459246
Speculation-64 2 1851 2830 33377423182 119034574 0 21319284 3220163664 36737940704
Speculation-64 3 2064 4082 34783536720 191667934 0 42434851 3437034679 38454674184
Speculation-64 4 2096 5090 38051049938 116299450 0 18905075 3319028470 41505282933
Speculation-64 5 2159 5667 44116387078 189458259 0 43278745 3515992971 47865117053
Speculation-64 6 2166 5914 52408286664 164449382 0 20417608 3471835087 56064988741
Speculation-64 7 2151 6026 62081936807 221735141 0 20300856 3481371493 65805344297
Speculation-64 8 2121 5962 72987462042 296721697 0 22356416 3697866807 77004406962
Speculation-64 9 2031 5739 85681698791 192564467 0 52393938 4159687422 90086344618
Speculation-64 10 1839 5764 96910314349 193943860 0 65329454 4330630954 101500218617
Speculation-64 11 1666 5674 109498767394 193760641 0 75526957 4648591222 114416646214
Speculation-64 12 1559 5601 122489901349 195079233 0 84865632 4950564329 127720410543
Speculation-64 13 1510 5602 132869563710 206842566 0 92417343 5134562022 138303385641
Speculation-64 14 1482 5548 145114263884 194844729 0 100428845 5321376581 150730914039
Speculation-64 15 1446 5516 157048628684 197208581 0 104183692 5459595818 162809616775
Speculation-64 16 1374 5520 166912436369 708080090 0 54986016 5188030437 172863532912
Prefetch-Next 1 1436 1893 19835390330 129820980 2822536904 17083896 2597368348 25402200458
Prefetch-Next 2 1915 3618 20912445787 124176040 2843228902 18747131 2759272105 26657869965
Prefetch-Next 3 2063 4935 23577755187 216173387 3246696156 45222817 3127514935 30213362482
Prefetch-Next 4 2094 5590 28662622567 160222743 4187673380 20011459 3824008112 36854538261
Prefetch-Next 5 2153 5795 35637726937 191006554 5399040332 43289746 5231811411 46502874980
Prefetch-Next 6 2171 5343 48934170609 249123723 8923434832 20034331 5134765010 63261528505
Prefetch-Next 7 2150 4048 80470042140 305523393 20881531890 20846073 1118468417 102796411913
Prefetch-Next 8 2118 3627 104479541848 471613123 27975924220 22841461 -215628328 132734292324
Prefetch-Next 9 2025 3446 125710423520 193717478 33477833784 64189103 -971136331 158475027554
Prefetch-Next 10 1830 3258 151210809333 200775099 40031394928 89496086 -2478605462 189053869984
Prefetch-Next 11 1661 3211 173506016429 195921104 43129307738 102617197 -5803228350 211130634118
Prefetch-Next 12 1557 3187 196026814748 195287914 45800613696 114150558 -9275953649 232860913267
Prefetch-Next 13 1510 3182 216577520398 220659568 47302537530 123645045 -11827475222 252396887319
Prefetch-Next 14 1479 3157 237872553692 194961240 48625179138 134709366 -13818902253 273008501183
Prefetch-Next 15 1449 3155 255716765492 195641083 49788279064 143072907 -15055043374 290788715172
Prefetch-Next 16 1385 3145 273134676279 1198040572 51364925314 85240929 -16599613035 309183270059
Transition 1 1455 1170 26717193764 4895463568 0 3755183800 11611714654 46979555786
Transition 2 1933 2240 27784505753 5074211694 0 3846270168 12324547159 49029534774
Transition 3 2076 3194 29046973719 5218536809 0 4026940129 13278590277 51571040934
Transition 4 2099 4122 30784100807 5285383840 0 4178480550 13483132522 53731097719
Transition 5 2158 4839 33959370064 5286379312 0 4212307337 14232165627 57690222340
Transition 6 2167 5109 42940480792 5333692080 0 4293618194 14524628720 67092419786
Transition 7 2152 4667 61685508140 5785765809 0 4509540741 15503409901 87484224591
Transition 8 2118 4117 88626209157 5958219012 0 4713899584 16930809177 116229136930
Transition 9 2033 3852 110782973315 6121008188 0 5043224372 19291094301 141238300176
Transition 10 1839 3734 129610944984 6192714665 0 5596948077 22208641543 163609249269
Transition 11 1666 3726 140231502354 6456770218 0 6369078962 27409893923 180467245457
Transition 12 1560 3653 153896698900 6567121856 0 7419889785 34454677426 202338387967
Transition 13 1510 3591 165564339780 6759972415 0 8620661626 42391687542 223336661363
Transition 14 1477 3511 178515190833 6764746815 0 10160654967 51234108207 246674700822
Transition 15 1443 3444 191397457613 6773822010 0 12002532899 59843743671 270017556193
Transition 16 1372 3387 203838211142 6843290841 0 13903588383 68272349683 292857440049
Naive 1 1478 806 53596362514 5121272813 0 3800489863 9728067757 72246192947
Naive 2 1920 1533 56508361508 5263177433 0 3962024794 10002993665 75736557400
Naive 3 2063 2241 57909276151 5415647675 0 4087950643 10479292173 77892166642
Naive 4 2100 2943 59022693439 5431682986 0 4127112335 10357214525 78938703285
Naive 5 2159 3618 60149393941 5511046608 0 4263732556 10519718623 80443891728
Naive 6 2168 4231 61775094684 5560127367 0 4359993681 10715321753 82410537485
Naive 7 2152 4709 63524306699 6201575510 0 4550918457 11776350630 86053151296
Naive 8 2121 5219 66159195992 6190319076 0 4627510916 11801073038 88778099022
Naive 9 2030 5579 70455280546 6368300296 0 4677993191 12638993691 94140567724
Naive 10 1836 5793 76345241582 6432286666 0 4776835341 13358293658 100912657247
Naive 11 1663 5902 84377120587 6510737451 0 4814475754 14168710054 109871043846
Naive 12 1559 5934 91940112648 6966483762 0 4919992203 15602684535 119429273148
Naive 13 1507 5961 101315166341 7004840243 0 4943075833 16593191349 129856273766
Naive 14 1475 5936 111624918418 7012839230 0 4964407145 17532319186 141134483979
Naive 15 1439 5921 122612428191 7011887817 0 5020068034 18127090227 152771474269
Naive 16 1385 5899 133417849445 7231958237 0 4948176677 19049228884 164647213243
Speculation-64 1 1420 1491 31707526669 128225140 0 17609033 3102692785 34956053627
Speculation-64 2 1937 2833 33486559086 116926596 0 18952213 3216861329 36839299224
Speculation-64 3 2051 4065 34931438650 190024744 0 42095292 3466818122 38630376808
Speculation-64 4 2098 5118 37999251404 115463832 0 18781445 3297851376 41431348057
Speculation-64 5 2161 5662 44050681696 188961037 0 42939637 3515984375 47798566745
Speculation-64 6 2166 5951 51859535559 169196573 0 19982400 3475038390 55523752922
Speculation-64 7 2150 5999 62514395314 217805911 0 20344677 3466619930 66219165832
Speculation-64 8 2119 5973 72891355075 304512343 0 23304623 3689320518 76908492559
Speculation-64 9 2032 5835 84198301866 195033369 0 55826951 4139009362 88588171548
Speculation-64 10 1833 5690 97620869160 193784340 0 62390732 4295135962 102172180194
Speculation-64 11 1664 5696 108520417955 193909180 0 76958548 4582595911 113373881594
Speculation-64 12 1560 5622 121429251653 196057683 0 83039861 4902240518 126610589715
Speculation-64 13 1509 5604 132621630162 195813682 0 93467412 5142918447 138053829703
Speculation-64 14 1478 5576 144515274333 206720958 0 99981324 5309138767 150131115382
Speculation-64 15 1444 5513 156287388262 195334469 0 105354995 5432332888 162020410614
Speculation-64 16 1372 5563 165424687420 684030700 0 52753789 5127094979 171288566888
Prefetch-Next 1 1447 1910 19795628717 131172104 2852617014 18302422 2520936123 25318656380
Prefetch-Next 2 1944 3639 20724653762 123657195 2840290068 18028364 2739877565 26446506954
Prefetch-Next 3 2022 4914 23636269238 190806280 3282105866 43287493 3204588575 30357057452
Prefetch-Next 4 2095 5634 28517238585 160209167 4182165052 21740206 3721145127 36602498137
Prefetch-Next 5 2159 5794 35763077365 191343373 5460301546 44193225 5298330043 46757245552
Prefetch-Next 6 2166 5250 50044705616 240319159 9229428542 19792465 5119360021 64653605803
Prefetch-Next 7 2150 4100 79082651228 332460131 20286740944 21180537 1285636662 101008669502
Prefetch-Next 8 2120 3632 104482634264 478762019 27993948702 23453890 -63391125 132915407750
Prefetch-Next 9 2024 3456 125394804290 210365840 33290179008 62439943 -1162474300 157795314781
Prefetch-Next 10 1831 3272 150533394930 193279247 39447483138 95546271 -2700923425 187568780161
Prefetch-Next 11 1656 3204 174284431884 225536862 43420899936 104843424 -6007423507 212028288599
Prefetch-Next 12 1558 3170 197747552208 209950868 45913320302 120904318 -9521881165 234469846531
Prefetch-Next 13 1508 3180 217667668804 195297596 47210733820 121700923 -12261825965 252933575178
Prefetch-Next 14 1473 3175 234344941010 195243597 48028507954 139500889 -13391176508 269317016942
Prefetch-Next 15 1448 3160 254084944507 205724113 49724320896 143506460 -14991088225 289167407751
Prefetch-Next 16 1374 3142 270461818608 1181077087 51300324694 81020203 -16156601022 306867639570
Transition 1 1461 1176 26658484488 4887374701 0 3700666094 11496306725 46742832008
Transition 2 1957 2221 27882753627 5059135505 0 3922254982 12522424727 49386568841
Transition 3 2076 3216 28915532537 5198326419 0 4021793447 13213406191 51349058594
Transition 4 2105 4130 30757255571 5289460665 0 4145610633 13405993324 53598320193
Transition 5 2162 4836 33945131596 5278306404 0 4257134882 14201483126 57682056008
Transition 6 2163 5100 42908807479 5322723916 0 4371889160 14569956369 67173376924
Transition 7 2151 4688 60999550943 5876052278 0 4508347740 15560060286 86944011247
Transition 8 2123 4099 89322504764 5969776041 0 4719219005 16809849372 116821349182
Transition 9 2030 3857 110692484011 6114863033 0 5057131719 19364686366 141229165129
Transition 10 1836 3738 128981478317 6167067012 0 5619810893 22423449008 163191805230
Transition 11 1667 3713 141177130268 6610831276 0 6385008362 27118812208 181291782114
Transition 12 1559 3656 153973586360 6540365918 0 7438603647 34106196195 202058752120
Transition 13 1511 3596 165498014504 6761814079 0 8670870671 42483986337 223414685591
Transition 14 1477 3518 178116697573 6769992851 0 10244124522 51311475314 246442290260
Transition 15 1448 3445 191676410306 6774107186 0 12065837897 59510549215 270026904604
Transition 16 1383 3394 203506825619 6841862937 0 13966657766 67967402224 292282748546
Naive 1 1481 805 53790717524 5097522505 0 3869785940 9623095779 72381121748
Naive 2 1950 1535 56583900202 5232059728 0 3942454802 10025834144 75784248876
Naive 3 2017 2237 57737668016 5408567705 0 4073381813 10681434111 77901051645
Naive 4 2098 2923 59225286180 5423608927 0 4164775047 10690276518 79503946672
Naive 5 2159 3599 60180603288 5500411657 0 4295889829 10995799193 80972703967
Naive 6 2167 4200 61965170143 5655081388 0 4360968703 10884503174 82865723408
Naive 7 2153 4715 63785311041 6126792813 0 4520227715 11588249974 86020581543
Naive 8 2123 5231 65664720268 6292548153 0 4628457772 11779273122 88364999315
Naive 9 2029 5567 70262168200 6364089547 0 4672328694 12658687619 93957274060
Naive 10 1826 5806 76498325000 6428000418 0 4712599597 13317293483 100956218498
Naive 11 1656 5886 84341882848 6452049365 0 4817994648 14095182404 109707109265
Naive 12 1557 5926 91966734256 6992719847 0 4912771434 15649454045 119521679582
Naive 13 1507 5948 101062826366 7020422795 0 4980397357 16936190199 129999836717
Naive 14 1476 5942 111716455333 7019272512 0 4992733958 17273847962 141002309765
Naive 15 1442 5913 122392507270 7023993480 0 5000561494 18390378318 152807440562
Naive 16 1374 5906 133357509667 7234375427 0 4980040712 19118273857 164690199663
Speculation-64 1 1453 1473 32220443908 128846074 0 16952081 3120721879 35486963942
Speculation-64 2 1938 2825 33485117658 119028583 0 20123988 3231643347 36855913576
Speculation-64 3 2077 4065 34948434309 189890664 0 42568704 3455270136 38636163813
Speculation-64 4 2099 5099 38003830443 113058278 0 19358670 3306235980 41442483371
Speculation-64 5 2160 5671 44032796280 189491676 0 45152012 3532759824 47800199792
Speculation-64 6 2166 5964 51950211474 172792590 0 20369367 3438186426 55581559857
Speculation-64 7 2153 5977 62590890629 209074248 0 21865555 3498263774 66320094206
Speculation-64 8 2121 5968 72847428658 304314228 0 23198500 3707408508 76882349894
Speculation-64 9 2029 5794 84953136171 219722739 0 55570258 4134951729 89363380897
Speculation-64 10 1837 5673 97938631240 193463835 0 62632469 4306672182 102501399726
Speculation-64 11 1663 5677 109174782876 193921134 0 77692386 4672519875 114118916271
Speculation-64 12 1559 5610 121864673399 194714849 0 87933925 4942488764 127089810937
Speculation-64 13 1511 5606 132694046927 195228020 0 94986857 5226022871 138210284675
Speculation-64 14 1479 5575 144940219249 195250357 0 105989673 5318327511 150559786790
Speculation-64 15 1451 5571 155248834701 216972472 0 104654598 5440472379 161010934150
Speculation-64 16 1372 5510 167147971088 682592908 0 53924743 5127033331 173011522070
Prefetch-Next 1 1451 1898 19972227219 130416461 2834928972 18011199 2544220112 25499803963
Prefetch-Next 2 1933 3631 20853555759 122427802 2856191186 19732513 2725992365 26577899625
Prefetch-Next 3 2015 4928 23508115101 190282008 3253570532 43238507 3195379103 30190585251
Prefetch-Next 4 2095 5624 28681082386 156008445 4190274176 20870927 3737649167 36785885101
Prefetch-Next 5 2156 5866 35181220803 189971590 5348890100 44610962 5247556417 46012249872
Prefetch-Next 6 2165 5271 49816214478 242973533 9166244008 19665328 5151265047 64396362394
Prefetch-Next 7 2152 4033 80677139287 305078080 20931848306 21908685 906490398 102842464756
Prefetch-Next 8 2122 3587 105757738403 420659692 28481648262 23649716 -550700427 134132995646
Prefetch-Next 9 2024 3449 125787717483 194265937 33252816230 66506590 -1340844018 157960462222
Prefetch-Next 10 1826 3281 150725121856 205103829 39498091742 99396379 -2978054778 187549659028
Prefetch-Next 11 1660 3227 172793344510 210740947 42896378864 100726298 -5791078508 210210112111
Prefetch-Next 12 1557 3175 196882802368 207721973 45657612558 117125246 -9500853478 233364408667
Prefetch-Next 13 1507 3175 216358111987 195636188 47316956818 122886202 -11820526023 252173065172
Prefetch-Next 14 1477 3152 237621372414 195480260 48868000844 144728473 -13779214537 273050367454
Prefetch-Next 15 1447 3169 250423064066 195674358 49265609664 144241601 -14365218176 285663371513
Prefetch-Next 16 1370 3133 272231338868 1192256557 51529592240 82408061 -16371742451 308663853275
Transition 1 1467 1170 26731846663 4895964615 0 3736707038 11625440358 46989958674
Transition 2 1919 2225 27880374755 5086505513 0 3928557319 12426528095 49321965682
Transition 3 2079 3210 28976862753 5203727620 0 4057983528 13235224532 51473798433
Transition 4 2094 4124 30793880112 5293400230 0 4095579490 13434288192 53617148024
Transition 5 2160 4848 33898308829 5264848572 0 4237361483 14234114968 57634633852
Transition 6 2168 5062 43081710905 5376316743 0 4413423114 14620883297 67492334059
Transition 7 2151 4692 61221652735 5757282192 0 4544932571 15520562665 87044430163
Transition 8 2120 4121 88472261766 5983809561 0 4715719411 16850499438 116022290176
Transition 9 2030 3852 110778086098 6117367322 0 5013254107 19285033392 141193740919
Transition 10 1834 3744 128676007190 6151531598 0 5602188925 22501632589 162931360302
Transition 11 1662 3706 141833418593 6428204183 0 6397286701 27336597896 181995507373
Transition 12 1558 3657 153792881772 6543817461 0 7423210651 34171968897 201931878781
Transition 13 1510 3584 165868520306 6760673472 0 8755121986 42527524391 223911840155
Transition 14 1479 3512 178740882796 6766889054 0 10316823300 51055414948 246880010098
Transition 15 1444 3450 191018513800 6776849834 0 11975436970 59706573568 269477374172
Transition 16 1369 3392 203298970952 6849459612 0 13790912842 68094423499 292033766905
Naive 1 1465 805 53665919355 5112861957 0 3782255314 9793587146 72354623772
Naive 2 1920 1530 56656928535 5241852825 0 3873150427 10025015666 75796947453
Naive 3 2054 2245 57825667099 5400201713 0 4039638343 10409199946 77674707101
Naive 4 2098 2929 59343369463 5433283040 0 4235703473 10506580779 79518936755
Naive 5 2155 3600 60295296495 5518419314 0 4234603652 10752973590 80801293051
Naive 6 2167 4238 61914858246 5591550470 0 4330677661 10769665970 82606752347
Naive 7 2153 4735 63756261346 6068280096 0 4512678207 11425556173 85762775822
Naive 8 2122 5221 66372964885 6179352856 0 4578321380 11783425143 88914064264
Naive 9 2031 5580 70140275908 6380844375 0 4690157630 12634565057 93845842970
Naive 10 1831 5803 76356498260 6405103510 0 4777998052 13240628740 100780228562
Naive 11 1659 5903 84240592796 6490417311 0 4809634345 14210165318 109750809770
Naive 12 1557 5919 91532850439 6974807670 0 4972193440 16038002463 119517854012
Naive 13 1508 5942 101059712572 7022254373 0 5002643041 17002658194 130087268180
Naive 14 1478 5937 111758910126 7007874914 0 4974025608 17466384399 141207195047
Naive 15 1443 5908 122196171318 7012616047 0 5029796958 18933934583 153172518906
Naive 16 1394 5881 132884082323 7232859782 0 5045118643 19593744212 164755804960
Speculation-64 1 1458 1471 32265633813 129355297 0 17409451 3125182902 35537581463
Speculation-64 2 1932 2831 33393398833 117813643 0 19941221 3203572045 36734725742
Speculation-64 3 2064 4093 34726201408 216282472 0 42600517 3398830181 38383914578
Speculation-64 4 2096 5097 38027402692 117011171 0 18879385 3314463382 41477756630
Speculation-64 5 2158 5622 44552922678 192550436 0 43628599 3494592744 48283694457
Speculation-64 6 2166 5956 51758390003 174176783 0 20244495 3509256316 55462067597
Speculation-64 7 2151 6007 62201100256 225111069 0 21345276 3504217943 65951774544
Speculation-64 8 2120 5952 72923545841 302651561 0 22752124 3714813782 76963763308
Speculation-64 9 2029 5678 86940463960 193145229 0 53131633 4123511672 91310252494
Speculation-64 10 1840 5716 97810026924 200847614 0 63528161 4343208822 102417611521
Speculation-64 11 1662 5656 110037087439 195685805 0 75457510 4640097952 114948328706
Speculation-64 12 1561 5635 121512738583 194840734 0 83765765 4874899980 126666245062
Speculation-64 13 1509 5605 133714382899 195470833 0 83394848 4993753815 138987002395
Speculation-64 14 1478 5534 145604311000 197300695 0 97654340 5272074919 151171340954
Speculation-64 15 1447 5518 158262267990 196558867 0 100228669 5368213253 163927268779
Speculation-64 16 1370 5540 165493292329 679882687 0 53016380 5120563563 171346754959
Prefetch-Next 1 1445 1892 20033481399 134086592 2902545968 18548475 2513948803 25602611237
Prefetch-Next 2 1916 3619 21021700075 120518620 2857025042 19332740 2742798962 26761375439
Prefetch-Next 3 2071 4903 23803164844 191622654 3279128068 42608080 3184147024 30500670670
Prefetch-Next 4 2098 5666 28424562200 160877895 4144206622 20837137 3709201978 36459685832
Prefetch-Next 5 2158 5815 35501733492 191126372 5394560432 45453139 5290520756 46423394191
Prefetch-Next 6 2165 5301 49640199339 247629025 9105336826 20156605 5035815868 64049137663
Prefetch-Next 7 2151 4136 78241801767 327733863 19884118928 20774305 1425684035 99900112898
Prefetch-Next 8 2118 3528 107526564205 396793597 28988411112 23272944 -992699278 135942342580
Prefetch-Next 9 2024 3413 127205647207 194330983 34056873738 68571003 -876955522 160648467409
Prefetch-Next 10 1831 3254 151928276743 195176428 39894113814 92119808 -3028346039 189081340754
Prefetch-Next 11 1656 3200 174727658894 194996248 43436106556 110703413 -5814717594 212654747517
Prefetch-Next 12 1556 3185 196233392891 209154049 45901397046 113489285 -9105400609 233352032662
Prefetch-Next 13 1509 3175 216403340761 195299646 46954131694 133094059 -11813304509 251872561651
Prefetch-Next 14 1478 3175 234481906589 196612650 48180265598 140588368 -13303866541 269695506664
Prefetch-Next 15 1450 3146 255787480781 194508706 50098099724 147816725 -14888876518 291339029418
Prefetch-Next 16 1382 3138 273438722753 1178065844 51538197180 80883800 -16752135422 309483734155
Transition 1 1435 1167 26784594163 4899210282 0 3769833056 11677969647 47131607148
Transition 2 1927 2228 27854381113 5083282155 0 3923414551 12483718065 49344795884
Transition 3 2063 3206 28981282424 5210976157 0 4068807604 13327896179 51588962364
Transition 4 2094 4105 30855573384 5291064452 0 4124649481 13462250760 53733538077
Transition 5 2157 4862 33951585249 5275084859 0 4158281794 14158680721 57543632623
Transition 6 2166 5048 43423678539 5344106613 0 4394008135 14610708882 67772502169
Transition 7 2150 4672 61675380811 5759657016 0 4518613551 15479793585 87433444963
Transition 8 2121 4126 88374855696 5903572336 0 4632848040 16989310439 115900586511
Transition 9 2031 3865 110133684049 6132914531 0 4987820920 19565129686 140819549186
Transition 10 1834 3750 128747989500 6153128354 0 5574271356 22312936019 162788325229
Transition 11 1660 3696 141733509211 6644726669 0 6374734002 27146568884 181899538766
Transition 12 1560 3654 153847807327 6592180091 0 7394471187 34262421181 202096879786
Transition 13 1509 3595 165130571970 6761537748 0 8607194297 42402920510 222902224525
Transition 14 1474 3516 178484573116 6769874566 0 10249307836 50948507686 246452263204
Transition 15 1447 3445 191083429352 6774954374 0 11982758030 59789303624 269630445380
Transition 16 1371 3392 203174227255 6847804026 0 13872613187 67812643328 291707287796
