file_system num_job first_bandwidth(MiB/s) second_bandwidth(MiB/s) second_cmp_lat(ns) second_fp_lat(ns) second_prefetch_lat(ns) second_lookup_lat(ns) second_others_lat(ns) second_lat(ns)
Naive 1 1497 813 53505227901 5057449284 0 3397509521 9645168461 71605355167
Prefetch-Cmp-64 1 1478 1083 32750789192 5049043364 0 3344530959 10442745347 51587108862
Prefetch-Cmp-256-64 1 1496 1299 24591665961 4993784405 0 3355946789 8579544509 41520941664
Prefetch-Current 1 1630 1493 16703236371 5017866988 2242656883 3713558464 7279120175 34956438881
Speculation 1 1464 1727 25785184485 127128998 0 16062881 3087277836 29015654200
Prefetch-Next 1 1420 1891 20153921405 132553142 2922090032 14742937 2489503478 25712810994
Naive 1 1498 810 53743703716 5059976566 0 3510625948 9650591418 71964897648
Prefetch-Cmp-64 1 1484 1078 32651804829 5048962143 0 3466353571 10669867175 51836987718
Prefetch-Cmp-256-64 1 1496 1292 24656233168 4992443225 0 3442045692 8687439965 41778162050
Prefetch-Current 1 1573 1496 16709561086 5024046309 2235405745 3681011605 7235184880 34885209625
Speculation 1 1466 1735 25635981558 123790365 0 13966339 3063380876 28837119138
Prefetch-Next 1 1460 1917 19750935884 132760412 2847777704 14390888 2506009424 25251874312
Naive 1 1489 811 53691691305 5061654669 0 3539586782 9546629712 71839562468
Prefetch-Cmp-64 1 1483 1078 32668010662 5044996409 0 3478668635 10685412515 51877088221
Prefetch-Cmp-256-64 1 1484 1285 24672829550 4995103150 0 3525034753 8856690297 42049657750
Prefetch-Current 1 1635 1491 16710053622 5019176161 2278183457 3765447844 7262725185 35035586269
Speculation 1 1446 1735 25636902302 127364543 0 16181404 3070081612 28850529861
Prefetch-Next 1 1459 1902 19977989418 132677296 2895586148 15397616 2493112192 25514762670
